1.773309244244178018e+00
1.786654358207730997e+00
1.797869369920860105e+00
1.809147487551765465e+00
1.822987184531428717e+00
1.839119744533637801e+00
1.852377221844500044e+00
1.869860081106307526e+00
1.884308460712179389e+00
1.899166046628284477e+00
1.915421339577314752e+00
1.930511710919338153e+00
1.950991615770754306e+00
1.966855996108445082e+00
1.982123884280093007e+00
2.000497178322856229e+00
2.015219742817247806e+00
2.030038460519132837e+00
2.047601345215844137e+00
2.061937117609153880e+00
2.082132669226688826e+00
2.097151087645273471e+00
2.117805719329069358e+00
2.130265801689778637e+00
2.149601816568087465e+00
2.165018915398900567e+00
2.178930341020437478e+00
2.192175781283587366e+00
2.201001310038188219e+00
2.212886255358547327e+00
2.219184948544040914e+00
2.228163597816447794e+00
2.237163027540706839e+00
2.243765509640134326e+00
2.251473124492403777e+00
2.255550135503262776e+00
2.262419587816128175e+00
2.268097193357032193e+00
2.275601824594177813e+00
2.277296495106229557e+00
2.272544922555375990e+00
2.274766522420030856e+00
2.268008253346405212e+00
2.272578251369823388e+00
2.271704952479952855e+00
2.267387814804317614e+00
2.267221200561681194e+00
2.262558056433487508e+00
2.266209485614664843e+00
2.263989212346215307e+00
2.262928762482693035e+00
2.260391630894459158e+00
2.258833356021265004e+00
2.256615670628754344e+00
2.255769303302249895e+00
2.252275435399500036e+00
2.242585876955071722e+00
2.240780763147994126e+00
2.235047276105239344e+00
2.226175195437571475e+00
2.215005913884870115e+00
2.206634974387963410e+00
2.192308510001446109e+00
2.179243161062244916e+00
2.163500322266765252e+00
2.145144323415007825e+00
2.127538614530486427e+00
2.106904038333216267e+00
2.083000080442532820e+00
2.056851154855172226e+00
2.035600264063639031e+00
2.010179854530306454e+00
1.980990316033554688e+00
1.954787039738644872e+00
1.923580925733562985e+00
1.895491330136746200e+00
1.866855987051828203e+00
1.838885514906678509e+00
1.811339712692410231e+00
1.789249411981767013e+00
1.770185651691563722e+00
1.747011923149557999e+00
1.724057184569095735e+00
1.708814132315508383e+00
1.694354924022256181e+00
1.683318551682676301e+00
1.677480498800578479e+00
1.667533185705567078e+00
1.663617273586007528e+00
1.659860624912462557e+00
1.656741577167446744e+00
1.658970872009775999e+00
1.658755272544476522e+00
1.663776597294871262e+00
1.664490282969579793e+00
1.668902039474286170e+00
1.671556876166400363e+00
1.674232305008134025e+00
1.679371020970811035e+00
1.684023603296009863e+00
1.686491835012251528e+00
1.691021696896683135e+00
1.694620038924309346e+00
1.699523603236094083e+00
1.699848447979549260e+00
1.704187898207967899e+00
1.705855671336768964e+00
1.711030206471746640e+00
1.712678635563777974e+00
1.715465575156292166e+00
1.719342170510573364e+00
1.720060310905754841e+00
1.722540069534607365e+00
1.722199443669778951e+00
1.721192066600121251e+00
1.719332974219614840e+00
1.716605914307119507e+00
1.708096099271400048e+00
1.702859918315437593e+00
1.695356163498325630e+00
1.689842818777057998e+00
1.681799109721275443e+00
1.667927421052811887e+00
1.657786956377541143e+00
1.645528792731318468e+00
1.635137581268663487e+00
1.624038652986822484e+00
1.610770943814094247e+00
1.601789449562237566e+00
1.590172727923476970e+00
1.576131092039365189e+00
1.564560464198067713e+00
1.553578880768578641e+00
1.543026791012334531e+00
1.534968223287453748e+00
1.529446339618952599e+00
1.518948874044554032e+00
1.511575490051267456e+00
1.507868967100806978e+00
1.504675877643251836e+00
1.501656732358528368e+00
1.502050092449582763e+00
1.504012141856161833e+00
1.508593347521421713e+00
1.514238744350395072e+00
1.521801325125919258e+00
1.530088190384374158e+00
1.540674522650040679e+00
1.552204182606407468e+00
1.563505472750878589e+00
1.577344908069559182e+00
1.593066535788872695e+00
1.605935386234811357e+00
1.622101408854862648e+00
1.636458112066818016e+00
1.651185130465478768e+00
1.671377851288307737e+00
1.691417661352037749e+00
1.707247229208324057e+00
1.725182421349674478e+00
1.742354225357330755e+00
1.758343605404328658e+00
1.770223454229407523e+00
1.781705126069686784e+00
1.792298730821157093e+00
1.799517135831783188e+00
1.806436111752763862e+00
1.813039044665857080e+00
1.822106863089184792e+00
1.825081515520051045e+00
1.830896739900817805e+00
1.838006783184158000e+00
1.840617902519515514e+00
1.843901353589367798e+00
1.848180003339140454e+00
1.848121782923686895e+00
1.853018710501590061e+00
1.850694037051876295e+00
1.851684042242899064e+00
1.852040122113981502e+00
1.850578991004990570e+00
1.853307701980212441e+00
1.853007141847932804e+00
1.853006771840722378e+00
1.850727947904182047e+00
1.850860551193222792e+00
1.849222595876926833e+00
1.848108792709458159e+00
1.849718621176789091e+00
1.844213210792791990e+00
1.840536224134725840e+00
1.838561391892113095e+00
1.837013440314293033e+00
1.830998826537985513e+00
1.827707602345476356e+00
1.823128986830493847e+00
1.815330161833553113e+00
1.815024266797430341e+00
1.808142137180043907e+00
1.805031229740781562e+00
1.801447369780976304e+00
1.795231960316833408e+00
1.788389332298643719e+00
1.783400228408456023e+00
1.775789449058418290e+00
1.769754259819119380e+00
1.760490729362881090e+00
1.755758393573238152e+00
1.744216647438142642e+00
1.737290430043916256e+00
1.730681027388381477e+00
1.719837827380150230e+00
1.709862099453016038e+00
1.702199025109834674e+00
1.692048936109138202e+00
1.685271504767917872e+00
1.669955514615456105e+00
1.658705974179608633e+00
1.649909970775773838e+00
1.639430377584692344e+00
1.630825882288330586e+00
1.619100154999167929e+00
1.608435443370159312e+00
1.598351619558761927e+00
1.589386674331258353e+00
1.578231745646008211e+00
1.570378187742383247e+00
1.562199148363636381e+00
1.553421089586725090e+00
1.546716955769234625e+00
1.540654034214259172e+00
1.532480497779938222e+00
1.531294110203615499e+00
1.528436692087793647e+00
1.523810929259539204e+00
1.522312239735591932e+00
1.523893668604739959e+00
1.520719045636431233e+00
1.523719124200622943e+00
1.522297518444217790e+00
1.525463481663654308e+00
1.527741605075041864e+00
1.533485929009061000e+00
1.539107697046499856e+00
1.542661207080217478e+00
1.549537092806035465e+00
1.555771023220121840e+00
1.563816688317430037e+00
1.570642236145212145e+00
1.576610234941747679e+00
1.584579382448279006e+00
1.591297189041411375e+00
1.595933053212142516e+00
1.604013234595857984e+00
1.608377470988155533e+00
1.617234460019902897e+00
1.622719222603644429e+00
1.628085618431208692e+00
1.634914245386665410e+00
1.638316846352898315e+00
1.642662968079504848e+00
1.646356961299703103e+00
1.648815879175533405e+00
1.649891943236940328e+00
1.652172711715534703e+00
1.653630445592519482e+00
1.654205703641294489e+00
1.656238603250204333e+00
1.657431988138866163e+00
1.659270980460177070e+00
1.655325331340525841e+00
1.649132349798881014e+00
1.644251844063436607e+00
1.641586173452971753e+00
1.640961262124361442e+00
1.644300436120411879e+00
1.647088347797277974e+00
1.650034317795830541e+00
1.653709371161392383e+00
1.651293342004886977e+00
1.649930334212112992e+00
1.646553383459692599e+00
1.648221343804722627e+00
1.640123161244639416e+00
1.639858711829795368e+00
1.638194879718096075e+00
1.633810786462428499e+00
1.626974683506865027e+00
1.622642408918561374e+00
1.615102959440239960e+00
1.607869187439237013e+00
1.603382450731779763e+00
1.596813157674913386e+00
1.588005543004680442e+00
1.579403378736837782e+00
1.572442252780407390e+00
1.563548468303648464e+00
1.555596885585545985e+00
1.542484858907409384e+00
1.531720178490286299e+00
1.523995135462701711e+00
1.509819780856930471e+00
1.500615644053070907e+00
1.488796171674868773e+00
1.475862719491609409e+00
1.462817873663802448e+00
1.448361796903196996e+00
1.433712847981220007e+00
1.419853145971309294e+00
1.405610704458283511e+00
1.387662508392223604e+00
1.369213897873670538e+00
1.351247285333033954e+00
1.330349655687190547e+00
1.311181415071049239e+00
1.290299045325335126e+00
1.269588699360973516e+00
1.245292020093956786e+00
1.222842445070206896e+00
1.199775827722981969e+00
1.173703803773381793e+00
1.147208385474606240e+00
1.118587589023770867e+00
1.089119153134917584e+00
1.061649399165297769e+00
1.031577588362230680e+00
1.002474328528280889e+00
9.711475797886195416e-01
9.416352149310284192e-01
9.115918517741425919e-01
8.829267291442374210e-01
8.594462520514866144e-01
8.338073336230203969e-01
8.122088022877709257e-01
7.913587930643147805e-01
7.706195574957106498e-01
7.541643483027172801e-01
7.382927538736716588e-01
7.259780728359447322e-01
7.133789350961964315e-01
7.059840280989003736e-01
6.979021616234027947e-01
6.924619872757533656e-01
6.908804345108399136e-01
6.890981759435829135e-01
6.883191050239458875e-01
6.900984856957366187e-01
6.926800241284001292e-01
6.967727727200387911e-01
7.042793135302138907e-01
7.111799284444254576e-01
7.189594896095530263e-01
7.272576892868780618e-01
7.389510726865504697e-01
7.510884496377906450e-01
7.641713777427807663e-01
7.763717257310577269e-01
7.907748946246162536e-01
8.074625607973905383e-01
8.239051573158071573e-01
8.407184192319624438e-01
8.596666535524458697e-01
8.784220540585682135e-01
8.981548124792827492e-01
9.173848441134028198e-01
9.379444095321791686e-01
9.570195125462456209e-01
9.760421270501667967e-01
9.968431834744106990e-01
1.015464926169673987e+00
1.035194470117712484e+00
1.055733097971032208e+00
1.073076321651662779e+00
1.091726189834569372e+00
1.106995436665303201e+00
1.126185602635264793e+00
1.142023774055044072e+00
1.159095700244449745e+00
1.172042000857426380e+00
1.187653286249876095e+00
1.202609858169104262e+00
1.217306574336341818e+00
1.231169060665503023e+00
1.243620340067536967e+00
1.255121931929605417e+00
1.263845307617942115e+00
1.275192602231679517e+00
1.284336184936017311e+00
1.293031332386936461e+00
1.300272534185541451e+00
1.308463183492017956e+00
1.314876385985489948e+00
1.321328933952740758e+00
1.327894743495815266e+00
1.332863154260491623e+00
1.339207340169998650e+00
1.345452031800967951e+00
1.348437244070350038e+00
1.353413618670156193e+00
1.354621738601722747e+00
1.356617072753340647e+00
1.356525714832780505e+00
1.356224002335943313e+00
1.357551655370972554e+00
1.358035758780922642e+00
1.356687383791355117e+00
1.356712828976465612e+00
1.358196816057840151e+00
1.356083622465888983e+00
1.355607511558494238e+00
1.356658147393946301e+00
1.354823287850456914e+00
1.351951425604892565e+00
1.349714279540499051e+00
1.348056473602764926e+00
1.345773592336572788e+00
1.341822499923256418e+00
1.338946021830581534e+00
1.338709103333402206e+00
1.333044680798926906e+00
1.329251835102784662e+00
1.326756884525414737e+00
1.323123415950649084e+00
1.320712129768502274e+00
1.317093990492089306e+00
1.312892468289524661e+00
1.310142478524235488e+00
1.302889674957687705e+00
1.300440178085399578e+00
1.293264703257542836e+00
1.289009076573222723e+00
1.282898282448275751e+00
1.275199377217077323e+00
1.272033443036564959e+00
1.268493800299754115e+00
1.263144743854469843e+00
1.257214672290462243e+00
1.255247969713494394e+00
1.250403492612603751e+00
1.243403648984544807e+00
1.239939919804876611e+00
1.235028521878121399e+00
1.231883777500074162e+00
1.227062566405257238e+00
1.220530730460559488e+00
1.213971688317794673e+00
1.209935510283504101e+00
1.205119681222355688e+00
1.199324506184979544e+00
1.193853969070337806e+00
1.188791410969715301e+00
1.183105914627199162e+00
1.177607941582322848e+00
1.174033475530986914e+00
1.171035964094835791e+00
1.165913681017441306e+00
1.160233634501520950e+00
1.155279692518866197e+00
1.150929478285550145e+00
1.146343721061819254e+00
1.142709270674495237e+00
1.136077010358198525e+00
1.132368443417495207e+00
1.125942058069185903e+00
1.123682058192049249e+00
1.117925652835993988e+00
1.111586351948236517e+00
1.108087236999587999e+00
1.103598748803703122e+00
1.100001672615488424e+00
1.097321626536117423e+00
1.094555145962560205e+00
1.090086124393665479e+00
1.086795129311040053e+00
1.082026167419613216e+00
1.079898229406802468e+00
1.076617324111858620e+00
1.070228135419882154e+00
1.066505644303805678e+00
1.062938182965136535e+00
1.058824358357297157e+00
1.052626433676506545e+00
1.046030986696685039e+00
1.039068842787051361e+00
1.033898868377834956e+00
1.030055544303317472e+00
1.022966797792079330e+00
1.018357304461791069e+00
1.015012212629742727e+00
1.007572738503971221e+00
1.003544071353113409e+00
9.999603751582487599e-01
9.948875703068942311e-01
9.893638391569008483e-01
9.843574588626688993e-01
9.791926456611452778e-01
9.719468107161938208e-01
9.671663142634864263e-01
9.623753367533466330e-01
9.587438597174311461e-01
9.546892703944969139e-01
9.497175863607071333e-01
9.455491117872020235e-01
9.420869863411365230e-01
9.370008614807002756e-01
9.329470553455599946e-01
9.302099525399027957e-01
9.258145117597443852e-01
9.207696815819129688e-01
9.174791058710186631e-01
9.120477506383939392e-01
9.103268207389066946e-01
9.038670198221584462e-01
9.000911442638647175e-01
8.949593857787725426e-01
8.915036474569099090e-01
8.870301154034001545e-01
8.835850341455143697e-01
8.811126609534465359e-01
8.783302057472786029e-01
8.730051359965651514e-01
8.706504294746941763e-01
8.664577326701150550e-01
8.636172570428841677e-01
8.598537117910314276e-01
8.563220383786066536e-01
8.526348119580516860e-01
8.513771400015337498e-01
8.458343846962302903e-01
8.421138106966007397e-01
8.380985283242933237e-01
8.334842710267036381e-01
8.298741578523762819e-01
8.267440217915119627e-01
8.232569151462177937e-01
8.203940554784380224e-01
8.169305637676959053e-01
8.140931894799656732e-01
8.106779869648819137e-01
8.082922880933735010e-01
8.028864338483786556e-01
8.008624147911762581e-01
7.965789244089910293e-01
7.949494002402878179e-01
7.908255697631062509e-01
7.884826621197835728e-01
7.859474746305374904e-01
7.834492158362252878e-01
7.810665109196355260e-01
7.775296964081466200e-01
7.752036899068542875e-01
7.732984071592611253e-01
7.719228770592926336e-01
7.696214295324903532e-01
7.673432235714610083e-01
7.649700398097388776e-01
7.618791312420369888e-01
7.597421715467147507e-01
7.588475880867194823e-01
7.571251400006944188e-01
7.550994717548001889e-01
7.534585219660813182e-01
7.516673905682409451e-01
7.490938373151012630e-01
7.463264508924285501e-01
7.426076960613648970e-01
7.405183230445429032e-01
7.382674402458230256e-01
7.352108972147185506e-01
7.331760468752664961e-01
7.320521959402903622e-01
7.307204073489574903e-01
7.293629331865751908e-01
7.268184540771792657e-01
7.247471329001324847e-01
7.218006373718549584e-01
7.187098627333242673e-01
7.153347750762799606e-01
7.129546193616977945e-01
7.119470377801313532e-01
7.114976053154664637e-01
7.082976155623085246e-01
7.079048210486283965e-01
7.047981634519938643e-01
7.029497724183809693e-01
7.033505396626539286e-01
7.008227705533518481e-01
6.989556147234651240e-01
6.963164204160874338e-01
6.935464138050536631e-01
6.915412717094151507e-01
6.900205944853131657e-01
6.900655953250683927e-01
6.874879990440865285e-01
6.852490449067019096e-01
6.840478018902429458e-01
6.808753511473376596e-01
6.783454298614725042e-01
6.780603247824221746e-01
6.766372351217524450e-01
6.745471931728195258e-01
6.732151353463541321e-01
6.727485519184034368e-01
6.722149722233946578e-01
6.693673356558393905e-01
6.689178290144029981e-01
6.671913031156021523e-01
6.656666951600045401e-01
6.630852804909032061e-01
6.629998133135041050e-01
6.613467601947620178e-01
6.605985007481164351e-01
6.589229073704325756e-01
6.595726983857030934e-01
6.589823534267672533e-01
6.560854854527652380e-01
6.552476668624639400e-01
6.539397739339720683e-01
6.508204837144329069e-01
6.494178161906122293e-01
6.463432958235280079e-01
6.453829808540662016e-01
6.430299206933535183e-01
6.415179416334948481e-01
6.384601148361759293e-01
6.401311622419186831e-01
6.369143284111326020e-01
6.363254880021744775e-01
6.342225265622797314e-01
6.329844746547386158e-01
6.315464665112254794e-01
6.276529677996851575e-01
6.257802856404488523e-01
6.242969384603244132e-01
6.212603864480158444e-01
6.192097363023568724e-01
6.182972073172500194e-01
6.149022766589241629e-01
6.135944417712945187e-01
6.122537596089959733e-01
6.099537915617272432e-01
6.086362131366235273e-01
6.089372693509035317e-01
6.074489489485032090e-01
6.063955718889628699e-01
6.035232979385044549e-01
6.031376264369644469e-01
6.013610996529359376e-01
5.988805735491348203e-01
5.992717446361174316e-01
5.974815601483666194e-01
5.986665354861546717e-01
5.977938689618474966e-01
5.985607980439755504e-01
5.976995898661027207e-01
5.990548381826690250e-01
5.968108544775195812e-01
5.981071469820483655e-01
5.970319861797853678e-01
5.958913876005095256e-01
5.958976008176888328e-01
5.926465506748915812e-01
5.920787500754786103e-01
5.894950846031983271e-01
5.911633929394038978e-01
5.890651045594104129e-01
5.884575871579693640e-01
5.893135150834426517e-01
5.880325221403356339e-01
5.885829439582067613e-01
5.859744476013255543e-01
5.848870349821994052e-01
5.849445897908477354e-01
5.823239916564290075e-01
5.822959587157763295e-01
5.811816670726323020e-01
5.799870244450485712e-01
5.800121165513337784e-01
5.776916968900365212e-01
5.770829147779336088e-01
5.732567485980869515e-01
5.729983488275990355e-01
5.746590355397415140e-01
5.716407335191521222e-01
5.702441110371321287e-01
5.709559325991840906e-01
5.687546261766133204e-01
5.693380422973178812e-01
5.668455030971928377e-01
5.674067340156425665e-01
5.679444553860705236e-01
5.666879026277491516e-01
5.643840953275666150e-01
5.641642658166232671e-01
5.646331470002121655e-01
5.633073337991026941e-01
5.596858183277948484e-01
5.614413310940694624e-01
5.561549531792669976e-01
5.569983687634785241e-01
5.572064862878861602e-01
5.549768861763112460e-01
5.537252880062505378e-01
5.524561478746147225e-01
5.489294468781155123e-01
5.480340098490754652e-01
5.446708473694970021e-01
5.437961605469453508e-01
5.402915585810827981e-01
5.383047153763181880e-01
5.356175783219033759e-01
5.341528511142868973e-01
5.307179803021115916e-01
5.269499786604338043e-01
5.251452056657208711e-01
5.242228695516626402e-01
5.217735857767018537e-01
5.189112706819793974e-01
5.147951693473158397e-01
5.101557562700176351e-01
5.095958881226851922e-01
5.064181398623580632e-01
5.045273179680197506e-01
5.020088164729693547e-01
4.999340429589944623e-01
4.985673336922831766e-01
4.956934942062601879e-01
4.933130569767429918e-01
4.926780790169978941e-01
4.876824529892240245e-01
4.861041115933445456e-01
4.820508168839893193e-01
4.797954296897096182e-01
4.770717199926926000e-01
4.742384773358896410e-01
4.720338239786746048e-01
4.702333185301487140e-01
4.668576964599235879e-01
4.662539836053908315e-01
4.626868424201699970e-01
4.596817591101541312e-01
4.563650119837310837e-01
4.530883342048527829e-01
4.479277642081291311e-01
4.438494447698451140e-01
4.400044456181802510e-01
4.361965079256527877e-01
4.313885640646256681e-01
4.295825230159410757e-01
4.257027356524638040e-01
4.236575409435213158e-01
4.217243654072951875e-01
4.186758515968794780e-01
4.158521929829238073e-01
4.137470620090348827e-01
4.112166094488142187e-01
4.079440532973476752e-01
4.063116110311250084e-01
4.043710523135426449e-01
4.045594354067523213e-01
4.020443618833672850e-01
4.012384203626152557e-01
4.010062817717218175e-01
4.014392305009322204e-01
4.012170546558656015e-01
4.021464365610290526e-01
4.019183633180820614e-01
4.017459344926277987e-01
4.010681496723751960e-01
4.001868131451506438e-01
4.008298533364651473e-01
4.006481996553301062e-01
4.026258042052786590e-01
4.021047205297985649e-01
4.053892349456296174e-01
4.077143668161925527e-01
4.101305455885600471e-01
4.126755841087207388e-01
4.148038916786969121e-01
4.162559768723438358e-01
4.174055181587206231e-01
4.180257330531387816e-01
4.190533587629046153e-01
4.198613365389921026e-01
4.205079574803898268e-01
4.213676700651431406e-01
4.230938365297552961e-01
4.245524034862008800e-01
4.257809102468569362e-01
4.278370079514067781e-01
4.296035483176868786e-01
4.319224873931400421e-01
4.336189683125419858e-01
4.346212729685707821e-01
4.369287853358294615e-01
4.388310200910928160e-01
4.407614888027888700e-01
4.425038923590961515e-01
4.441489996880105262e-01
4.465868534041436133e-01
4.477754338214192109e-01
4.497513282179053662e-01
4.501861861867946235e-01
4.527483447409994533e-01
4.531190362619966217e-01
4.550353809945884009e-01
4.559895190925301045e-01
4.580668826320092868e-01
4.590313009082304663e-01
4.598653910878410245e-01
4.593706330185371445e-01
4.605221963823107334e-01
4.603349460574986951e-01
4.633699532964402068e-01
4.643447733302175640e-01
4.682691805779764516e-01
4.687461383566119966e-01
4.699456168433475689e-01
4.708743308766159541e-01
4.702104732989230707e-01
4.717999580960122730e-01
4.702020393478123506e-01
4.706160871211786945e-01
4.717578320893217048e-01
4.725909853161171514e-01
4.726466694016939196e-01
4.752127019861885349e-01
4.749671054847990903e-01
4.788855622523744970e-01
4.809612627363778481e-01
4.812376758435409907e-01
4.837041767940362669e-01
4.858281354684992337e-01
4.862011790074661777e-01
4.879616149150554638e-01
4.897531755521114527e-01
4.899787091966492092e-01
4.922543593584441934e-01
4.922797861203438985e-01
4.953100600964639444e-01
4.954365370910445154e-01
4.959246549514860214e-01
5.002036331492693000e-01
5.006677970397529487e-01
5.006013597980292218e-01
5.027323297224611798e-01
5.017886804047037019e-01
5.052329426586740224e-01
5.055314053607991021e-01
5.082848672165424242e-01
5.058374534611981277e-01
5.070653391022149625e-01
5.065782763595745308e-01
5.035478353161622067e-01
5.052361705746223342e-01
5.063867087193479888e-01
5.070923812790687490e-01
5.081227879882685983e-01
5.095749923809013149e-01
5.079710962429406784e-01
5.099396111168859047e-01
5.125096472593206887e-01
5.116236209424375181e-01
5.130308166321829733e-01
5.130478641877529444e-01
5.109031645212284145e-01
5.109206467677658292e-01
5.094822597257406827e-01
5.093229738867112166e-01
5.084383169467880936e-01
5.086552137621049852e-01
5.082235435951119040e-01
5.077486308906481449e-01
5.076217591797520523e-01
5.069147128298023830e-01
5.050833278926456504e-01
5.046173229616696121e-01
5.026657639190525995e-01
5.040480096185389058e-01
5.025024522723128273e-01
5.001600761610973667e-01
5.015650720669811991e-01
4.987845079842530560e-01
4.985313714310426469e-01
4.984246174482853675e-01
4.927959111181090535e-01
4.913579974802621542e-01
4.863498076354584865e-01
4.843835552697611790e-01
4.800834846766807162e-01
4.770730826771138466e-01
4.762840820881472648e-01
4.750370231523010078e-01
4.756017241070121249e-01
4.734608546061115919e-01
4.735300817938078444e-01
4.714255701250950614e-01
4.711254151656779077e-01
4.673956527775521286e-01
4.643908347571950035e-01
4.612218478413975253e-01
4.580431546123296949e-01
4.542745006647787021e-01
4.510971438191100358e-01
4.502489773715244725e-01
4.489772730550851132e-01
4.458023967152077160e-01
4.442763887994466421e-01
4.451290397967004320e-01
4.416237413191700933e-01
4.399991701840894609e-01
4.370900361424580605e-01
4.367457703331956709e-01
4.342499961852733792e-01
4.316179067411510806e-01
4.294220873510213310e-01
4.282157907910700834e-01
4.257343125969630382e-01
4.235924138635592806e-01
4.205332212191073005e-01
4.189194937760128412e-01
4.145685597366752240e-01
4.120342122486891911e-01
4.096797735413208463e-01
4.058298712583749968e-01
4.025895825318619448e-01
4.015711596179450948e-01
4.004763946048162104e-01
3.983858963106891582e-01
3.962702158653784168e-01
3.955247626510897119e-01
3.946641644347665401e-01
3.934655718054030360e-01
3.889475536043542903e-01
3.862529242996710077e-01
3.849029289305420654e-01
3.814385777842025371e-01
3.784549752649997156e-01
3.738588885461842648e-01
3.727756847459994249e-01
3.699036374695611196e-01
3.677312843878547399e-01
3.660628439807907530e-01
3.639461192095506670e-01
3.646180312324174833e-01
3.619837370565794910e-01
3.599582046819207459e-01
3.608449759520134248e-01
3.587331172172915084e-01
3.563896889185096395e-01
3.544660068485709914e-01
3.524658620831796485e-01
3.497011117477409337e-01
3.475356766698987077e-01
3.440082008491859855e-01
3.404945119550831234e-01
3.374258376013178906e-01
3.357603884241125436e-01
3.326910407198566677e-01
3.298759015821731144e-01
3.273775051415730997e-01
3.262063888723948368e-01
3.246548158850364185e-01
3.215319478498743222e-01
3.192073294379115245e-01
3.164363343294654962e-01
3.162458573871742562e-01
3.136782913160439112e-01
3.103760169470125563e-01
3.082041988278823585e-01
3.058025002700894834e-01
3.046251125649684921e-01
3.025070772834148047e-01
2.999882012048779023e-01
2.961652370650417754e-01
2.931477159873753235e-01
2.888203275964487116e-01
2.864364785533919378e-01
2.852736692613596636e-01
2.819695969540964020e-01
2.817678413782048752e-01
2.819436899204888491e-01
2.831726617277584568e-01
2.835806677589167712e-01
2.812933582930760568e-01
2.790023993395131519e-01
2.775161563797206576e-01
2.751574182167856319e-01
2.736622349618449968e-01
2.737010726856288212e-01
2.730670268421098168e-01
2.744767909463035616e-01
2.761723159429080310e-01
2.774956415531224518e-01
2.786674115438566579e-01
2.804934406895555066e-01
2.831377474634521607e-01
2.845583822480041714e-01
2.850560453216309242e-01
2.871885399976231712e-01
2.894559188017601925e-01
2.901822525481352333e-01
2.922058926345823537e-01
2.922475327802324663e-01
2.931648723034987469e-01
2.948715997485306106e-01
2.952854398657223101e-01
2.970181598680006752e-01
2.985187123043411273e-01
2.998128263215810163e-01
3.037041139506369003e-01
3.036424799254260898e-01
3.040875887792934829e-01
3.056784055542741130e-01
3.078984388801627170e-01
3.074474469838357482e-01
3.061058157916384803e-01
3.035833145445762660e-01
3.045424478706389992e-01
3.055097986477930960e-01
3.055185501719386854e-01
3.061810805868203089e-01
3.077159480525699098e-01
3.118985325618845450e-01
3.160930807714109614e-01
3.194080895678351184e-01
3.226842950409712363e-01
3.261868108880776607e-01
3.291987429026800305e-01
3.291299672220515671e-01
3.305185414395493404e-01
3.317997660474256705e-01
3.299769525483658983e-01
3.334293502294083389e-01
3.352048971033525504e-01
3.386694649560024750e-01
3.436533530863456476e-01
3.453717697869289616e-01
3.509201371499508504e-01
3.540898084120508438e-01
3.572415451119300700e-01
3.594464872574569814e-01
3.615379985707281030e-01
3.651654114840442444e-01
3.682389797808415799e-01
3.610510631333583853e-01
3.723533281315272170e-01
3.835863906547024582e-01
3.945022830467745933e-01
4.048946424141892653e-01
4.145916023741316181e-01
4.234670603303524183e-01
4.314366473093731447e-01
4.384699894151840582e-01
4.445825119079676035e-01
4.497934004748586068e-01
4.541355446139866414e-01
4.576751475265646851e-01
4.604547431600273799e-01
4.624950605814471261e-01
4.638159812932525772e-01
4.644632880766133010e-01
4.644860893916588629e-01
4.639326061874549656e-01
4.628907184424339016e-01
4.614649268451029296e-01
4.597195152652344130e-01
4.576650202219466057e-01
4.552471783799389438e-01
4.523805124021439417e-01
4.489914888889830480e-01
4.450441719383660955e-01
4.405991565801421483e-01
4.357661406795512171e-01
4.306389396936906588e-01
4.252291879077970127e-01
4.194944443699064607e-01
4.133648478501018575e-01
4.067807513728138313e-01
3.997073574723601919e-01
3.921667462585781694e-01
3.842247342321903902e-01
3.759946986059718999e-01
3.676420082912084109e-01
3.593598162480428626e-01
3.513535136938621406e-01
3.438114597936316463e-01
3.368778474231426956e-01
3.306425344768609831e-01
3.251355080134894493e-01
3.203295706832340328e-01
3.161818103381375256e-01
3.126076273717566245e-01
3.094940998192312609e-01
3.067634210031713882e-01
3.043890097730714839e-01
3.023611885177719949e-01
3.006491626940964168e-01
2.991874960019551555e-01
2.978816780499949357e-01
2.966229649260872514e-01
2.953080020238149639e-01
2.938603229355140622e-01
2.922847585360250910e-01
2.906511712398953673e-01
2.890128353149923890e-01
2.874275813948407032e-01
2.859459425283046863e-01
2.845940491666697492e-01
2.833756921841139031e-01
2.822774344794996559e-01
2.813144340431607549e-01
2.804816586374696552e-01
2.797331146254605216e-01
2.790359467554734962e-01
2.783742135786342331e-01
2.777663604880050152e-01
2.772134876455851216e-01
2.766839585726233453e-01
2.761313221030333720e-01
2.755387750850816220e-01
2.749150241257456440e-01
2.742630730337896061e-01
2.735615776764567242e-01
2.727769176205498414e-01
2.718801337772583926e-01
2.708690886556882060e-01
2.697627038709948244e-01
2.685757424303584773e-01
2.672778652430026769e-01
2.658292483609782098e-01
2.641791748586562738e-01
2.622716153766773139e-01
2.600786170867713798e-01
2.576105446671120847e-01
2.549533101665792945e-01
2.521810551015355450e-01
2.493302543299846796e-01
2.464327248089703271e-01
2.434990083198578514e-01
2.405253226865981808e-01
2.375307176878760917e-01
2.345216996080361216e-01
2.314982522589295599e-01
2.284715855446745880e-01
2.254372559322540548e-01
2.223946072186525069e-01
2.193637418753257295e-01
2.163612352675701456e-01
2.133733243473215635e-01
2.104068310143453746e-01
2.074862491194892911e-01
2.046279526426035555e-01
2.018185819039746143e-01
1.990606090891223201e-01
1.963752974957919395e-01
1.937719259212240808e-01
1.912402824615578589e-01
1.887485910747522533e-01
1.862621911760024840e-01
1.837658596435550740e-01
1.812830581298969790e-01
1.788091951780877153e-01
1.763986597538791390e-01
1.741469096697473851e-01
1.720875710376106871e-01
1.702261322450213943e-01
1.685644333076123935e-01
1.670404449462448981e-01
1.655711895655286037e-01
1.640955896576709039e-01
1.626110932669555253e-01
1.611613045304747804e-01
1.597715176456025732e-01
1.584425094480359231e-01
1.571986565478352138e-01
1.560232428647451985e-01
1.548735003349508699e-01
1.537278651210094160e-01
1.525929769547269832e-01
1.515016765344436023e-01
1.504525611464916368e-01
1.494438562762183120e-01
1.485091027047041601e-01
1.476372345339022618e-01
1.468356058915163409e-01
1.461057442417497965e-01
1.453914005956722100e-01
1.446604622274578478e-01
1.438876413070303562e-01
1.430527652582242182e-01
1.421709290094850808e-01
1.412981751620961957e-01
1.404238956005445516e-01
1.394994867867687671e-01
1.384886197001598818e-01
1.374064071766296080e-01
1.362920731177313938e-01
1.351452722437487264e-01
1.339576787673391611e-01
1.327281227544060138e-01
1.314718420080334682e-01
1.302138215976722246e-01
1.289833176376941892e-01
1.277480319467672043e-01
1.265051867418905684e-01
1.252548142495575612e-01
1.240151343085182378e-01
1.228188707072307845e-01
1.216561782248896939e-01
1.204991958273493452e-01
1.193515329660026769e-01
1.182398023906421347e-01
1.171641410816870038e-01
1.161001075907861918e-01
1.150251469858186160e-01
1.139499672337073860e-01
1.128898821157046095e-01
1.118624739755348235e-01
1.108784460776596065e-01
1.099145217697190535e-01
1.089714847075591159e-01
1.080311709245469209e-01
1.070465746561391485e-01
1.059790591407053090e-01
1.048366723346056545e-01
1.036292793297246967e-01
1.023357395635816625e-01
1.009615419312049067e-01
9.953483465858718737e-02
9.813040196146027849e-02
9.675514340187342521e-02
9.542947701132153959e-02
9.420735563043003413e-02
9.315560202651912425e-02
9.232815745069627988e-02
9.175836733850997740e-02
9.146220585995602781e-02
9.145722692041824420e-02
9.168589604507142166e-02
9.205491736428862704e-02
9.249653341964600428e-02
9.298464053344446256e-02
9.355363380764376846e-02
9.422799668110769244e-02
9.498273884062111150e-02
9.580198883778785757e-02
9.665552376166779147e-02
9.751065081493437425e-02
9.832715349978793373e-02
9.907096764214866347e-02
9.973041835517493237e-02
1.003310425515380605e-01
1.008866370865406648e-01
1.013887891246257056e-01
1.018720119610193459e-01
1.023331803240860177e-01
1.027465554915983209e-01
1.030690814542826877e-01
1.032797486274957405e-01
1.033977707401308177e-01
1.034306182078938013e-01
1.033488000081414088e-01
1.031343109340112640e-01
1.028030368531120953e-01
1.023692242065118857e-01
1.018654212599560405e-01
1.013419624200666835e-01
1.008391921642099315e-01
1.003564744687359678e-01
9.990572803487735021e-02
9.951447225924847650e-02
9.920817373485042723e-02
9.897101535703038688e-02
9.878584085673695891e-02
9.865153841968633819e-02
9.853763456191719228e-02
9.846590979960351264e-02
9.843783974833339445e-02
9.841220120160236451e-02
9.837604227664487055e-02
9.833133510022160073e-02
9.827179642182505559e-02
9.818330113057159581e-02
9.805612020317769351e-02
9.793365426849894029e-02
9.783547690345968662e-02
9.770774994968223215e-02
9.747714620361679072e-02
9.715076287207916050e-02
9.679471762899791165e-02
9.645071667319315978e-02
9.612417919704085989e-02
9.583685902738559026e-02
9.559743981104501520e-02
9.537232175760770869e-02
9.510614193754346468e-02
9.478746112551231229e-02
9.443158549854449579e-02
9.403559553285405215e-02
9.362865673776427089e-02
9.323830086340278989e-02
9.286975551795688399e-02
9.252339265214667985e-02
9.221687949190605915e-02
9.192512535567275156e-02
9.165348313532001301e-02
9.138681310596633023e-02
9.108988438731900616e-02
9.076515744232727112e-02
9.043267413232805585e-02
9.012572852640850229e-02
8.987031482446300457e-02
8.964363651355677920e-02
8.948114840347544396e-02
8.938174281055843995e-02
8.927284404913116145e-02
8.909728217992674004e-02
8.889013399565329210e-02
8.873116700104689836e-02
8.864472583514057535e-02
8.860950905969941505e-02
8.858193555458016011e-02
8.850815576916937211e-02
8.836174113836581245e-02
8.818468462745891745e-02
8.803835106538403232e-02
8.793088069865773182e-02
8.786367447680833165e-02
8.785981011440013866e-02
8.785839030373471248e-02
8.781288219774592563e-02
8.772793108755316815e-02
8.758953446777295593e-02
8.739139223966901904e-02
8.720416215357799927e-02
8.704000069361776670e-02
8.687841115994102137e-02
8.669863316985690349e-02
8.646813821589033333e-02
8.619981897059279807e-02
8.592454705272944970e-02
8.563076080032883119e-02
8.531332210824436879e-02
8.500804170069982402e-02
8.476918338746286530e-02
8.461949631569186392e-02
8.452242226890782639e-02
8.439539717074594216e-02
8.418912160289554469e-02
8.391379726107993375e-02
8.360596029240352500e-02
8.331214049814054945e-02
8.304550436689137061e-02
8.280112897676022987e-02
8.255261248804786345e-02
8.229897988445383783e-02
8.205142929667814944e-02
8.181147234856071815e-02
8.159878655575142359e-02
8.141329348499000418e-02
8.127182133972012112e-02
8.116370318391775973e-02
8.106781890113438915e-02
8.096351337890705935e-02
8.081474798829516026e-02
8.063049902300704896e-02
8.041854784001066514e-02
8.018647257344457824e-02
7.992898489740861423e-02
7.964556711987094695e-02
7.939765728550350621e-02
7.919436123279940953e-02
7.899373521346146620e-02
7.873615652790816322e-02
7.840805127245124850e-02
7.806820870293962322e-02
7.775641758154949734e-02
7.746208080914911143e-02
7.719846469759682195e-02
7.702808741455835495e-02
7.698112271183384092e-02
7.701375959279208039e-02
7.707470485739897903e-02
7.711892873470881093e-02
7.712441197567292128e-02
7.706167999746850461e-02
7.693979767607106446e-02
7.682934801818597226e-02
7.681523612578344817e-02
7.692289568232098251e-02
7.706303611329338998e-02
7.721381201730141697e-02
7.738542096097621170e-02
7.758669883605767703e-02
7.780833601945266742e-02
7.805451864959836450e-02
7.835346803131296167e-02
7.864020408875198320e-02
7.890935629120092443e-02
7.918931275188205443e-02
7.948256891677728253e-02
7.977143628678276532e-02
8.007041692875536965e-02
8.037103593147958136e-02
8.064218372386208755e-02
8.088403541387211015e-02
8.112929974351945628e-02
8.142879236958690259e-02
8.177639835071828789e-02
8.216005033606363361e-02
8.256008827413259532e-02
8.294373819752011434e-02
8.327186668400034242e-02
8.353614239456066959e-02
8.376863032274647902e-02
8.399577129732409275e-02
8.421035190016698535e-02
8.439309657120239172e-02
8.453269336894304875e-02
8.464333343660385145e-02
8.475178053011203638e-02
8.486383484884128803e-02
8.493956713937542147e-02
8.493850972190412907e-02
8.485378091368277198e-02
8.471296665013533511e-02
8.452660677434359338e-02
8.428231860901921890e-02
8.399493840746879991e-02
8.369261780464749834e-02
8.339122502219244171e-02
8.307894093969807325e-02
8.273085386844376832e-02
8.233672653966457589e-02
8.192571794706311750e-02
8.151627862766717969e-02
8.110682772999530665e-02
8.069744186682915876e-02
8.028187495872375623e-02
7.980898721260214213e-02
7.926059540820511173e-02
7.868842609899297236e-02
7.809221823933343298e-02
7.751179258429820307e-02
7.699256957801128842e-02
7.650974706279338455e-02
7.601649060111544121e-02
7.548131181075920515e-02
7.491212060642261916e-02
7.434553941287211365e-02
7.379583494693886525e-02
7.325485973145313967e-02
7.266961224713511247e-02
7.203189578427007800e-02
7.138162295793883116e-02
7.074220942750658603e-02
7.014385272615969447e-02
6.958148603977704072e-02
6.904189060744252149e-02
6.853084085856919749e-02
6.801416150493617974e-02
6.749484604650528297e-02
6.694830586621422497e-02
6.634740233109089058e-02
6.572191754045257628e-02
6.511453248998287646e-02
6.454909715366526080e-02
6.402656076158148857e-02
6.352982809351050142e-02
6.302804766775220446e-02
6.250593786873688551e-02
6.196275171144036836e-02
6.139244633778999372e-02
6.082997475037141971e-02
6.029323463189054100e-02
5.979078932038136424e-02
5.931920292620432994e-02
5.885478244640680173e-02
5.838700945647749829e-02
5.796815118232934161e-02
5.762132070463457656e-02
5.731862083197806351e-02
5.704281375511618957e-02
5.678316554380351266e-02
5.653472318570907512e-02
5.629500508693989491e-02
5.607671519300262003e-02
5.589823866152422022e-02
5.576832025134597498e-02
5.567518807023128652e-02
5.559653957622733012e-02
5.552585660406599705e-02
5.545598837687486932e-02
5.536618310097511653e-02
5.525226881250077521e-02
5.511733252649990422e-02
5.497749480458045956e-02
5.484849580417878318e-02
5.472183944946994172e-02
5.458824363754854331e-02
5.445085526758191435e-02
5.431252563555757917e-02
5.417023017024753806e-02
5.402860719075875534e-02
5.389217336587803081e-02
5.375962549553826852e-02
5.362507159371897314e-02
5.348615306053235846e-02
5.334603599088730969e-02
5.321025337290439389e-02
5.307974632741573051e-02
5.296305001530655920e-02
5.287892008432837354e-02
5.283455790636961552e-02
5.282102395981646409e-02
5.281685593207442048e-02
5.278918758877948481e-02
5.271189789331415243e-02
5.256833615830937972e-02
5.235692650308958890e-02
5.209054815705706221e-02
5.179278857664073449e-02
5.148799924003632372e-02
5.120243710949314020e-02
5.095709006577860134e-02
5.075698049043487342e-02
5.058585865354590927e-02
5.042064801267930746e-02
5.024782801833992119e-02
5.006342152818644281e-02
4.986992511492138735e-02
4.966007302694840086e-02
4.943575137309402096e-02
4.920196689006538227e-02
4.898192599524890667e-02
4.878243346898289423e-02
4.858363339031693262e-02
4.835308438999975228e-02
4.807040117875373969e-02
4.774377016894208042e-02
4.737948365238024706e-02
4.700004023574809453e-02
4.662640072440626948e-02
4.625324584352246554e-02
4.588353756992653854e-02
4.551014330411094766e-02
4.513122019269693447e-02
4.475634394236643887e-02
4.441544719999491325e-02
4.410552091556752680e-02
4.378996012814423411e-02
4.347564696558697817e-02
4.319803410047019787e-02
4.299110969948498340e-02
4.284107253245363067e-02
4.271421242043431377e-02
4.260437509793082306e-02
4.251054087244810625e-02
4.240611401246176942e-02
4.225302172175929294e-02
4.202212229050297093e-02
4.172800710874634972e-02
4.139865528620792490e-02
4.107128782285742602e-02
4.079862261617053787e-02
4.058911149721104727e-02
4.041673315840978858e-02
4.027612357340931010e-02
4.014399023851948634e-02
4.001007017389136833e-02
3.988112863285169646e-02
3.973855835369904943e-02
3.957422603418810775e-02
3.936967163265816388e-02
3.912636477531705043e-02
3.886642168847719708e-02
3.863143627352769865e-02
3.843308678384752680e-02
3.828006708222372184e-02
3.818523947671609992e-02
3.810680145133608226e-02
3.802602315071384326e-02
3.793473209172033844e-02
3.783004823371904912e-02
3.770917539673136754e-02
3.754943966475254163e-02
3.735912721527111929e-02
3.718257375802502818e-02
3.705508687094632297e-02
3.699342513331771443e-02
3.699583037789448692e-02
3.703640119626415428e-02
3.706604517921228970e-02
3.705926027911232712e-02
3.703106798910941327e-02
3.697235135769445097e-02
3.689675138771966040e-02
3.683467430505726198e-02
3.677002889155802506e-02
3.670574833136307225e-02
3.661127120394569445e-02
3.648987875436900119e-02
3.638660082884689895e-02
3.632751899597040646e-02
3.631683237562422645e-02
3.633667416543215345e-02
3.633614022955057588e-02
3.629271880844970460e-02
3.622552103231745785e-02
3.614951378582267894e-02
3.606343158170501745e-02
3.595812572130094309e-02
3.585082824414381752e-02
3.576687770641272940e-02
3.568139402128384097e-02
3.558084047339190453e-02
3.550971478745568177e-02
3.547672827480003593e-02
3.547928505126723281e-02
3.550357772248784877e-02
3.552843143691091637e-02
3.552280367380877130e-02
3.547512993486662269e-02
3.539431945584749911e-02
3.529194608564706348e-02
3.515166652941160291e-02
3.497459800042707068e-02
3.477941247725385709e-02
3.456347887984275585e-02
3.433479099152065422e-02
3.410998899420926433e-02
3.392072902130481571e-02
3.382547704974340347e-02
3.380992100074531326e-02
3.386224560641391823e-02
3.394574529000827373e-02
3.400241930843985599e-02
3.397202552390525543e-02
3.385195335276772188e-02
3.367936315774162914e-02
3.349952095134719338e-02
3.335045659193294765e-02
3.323017968505449088e-02
3.309046286919996305e-02
3.294709367059055899e-02
3.283222581241534987e-02
3.274839552405808818e-02
3.270803911146804438e-02
3.272956371117001495e-02
3.283187226839919676e-02
3.299523633427196151e-02
3.320119795766238169e-02
3.339696458344239977e-02
3.355119108144277024e-02
3.367600393718987728e-02
3.379331264007689323e-02
3.392206373110547013e-02
3.408822528475807107e-02
3.428233007155139650e-02
3.446893835246528370e-02
3.463761767549944359e-02
3.479627489077870284e-02
3.493663795098351371e-02
3.506585996731800131e-02
3.519041746175152058e-02
3.529842706803040103e-02
3.534065878789021536e-02
3.531567265576440046e-02
3.524126528613691356e-02
3.511741494802958496e-02
3.499535809050961094e-02
3.493313262278847919e-02
3.492370930669064233e-02
3.493436210346956283e-02
3.491333693598231563e-02
3.482886849007211377e-02
3.469840234490265823e-02
3.451453244777125118e-02
3.428887024434875558e-02
3.407491012064474412e-02
3.390119962206921550e-02
3.376062459669321864e-02
3.364825876530189858e-02
3.355858196321353376e-02
3.348914045708461379e-02
3.343159275984038115e-02
3.336200961329951337e-02
3.323757809078132369e-02
3.306337121037286608e-02
3.287940628733447557e-02
3.267621723219634594e-02
3.247936418442348011e-02
3.230595885545274604e-02
3.212409745363874192e-02
3.192017414774254991e-02
3.169641736723016745e-02
3.146206336778319818e-02
3.121638466323224670e-02
3.094170988387185892e-02
3.061549558580934499e-02
3.023321895096075379e-02
2.985389606085717129e-02
2.954679764910310077e-02
2.931945551654674409e-02
2.914273127859356299e-02
2.899958149568637039e-02
2.884922315557444245e-02
2.866240692498816037e-02
2.844403083159207854e-02
2.822686201356148367e-02
2.804048258053873019e-02
2.786222105666615739e-02
2.765488815619290830e-02
2.739948047412658558e-02
2.709511126063762765e-02
2.677463123268407352e-02
2.650505268307820281e-02
2.630695633278306092e-02
2.616156418998112979e-02
2.603799690844849773e-02
2.590990460558623837e-02
2.577904082138042854e-02
2.565838384592838972e-02
2.555301908951791712e-02
2.545201149893036932e-02
2.533080723537112916e-02
2.517984934736039807e-02
2.503387717058820627e-02
2.489583144331968673e-02
2.473234042074460085e-02
2.453491155436089352e-02
2.435530723595904362e-02
2.421561444542150512e-02
2.411293022226245614e-02
2.402471502079862875e-02
2.393473547541730834e-02
2.383333748382133674e-02
2.372632869041279430e-02
2.362730190291583224e-02
2.353437180322478367e-02
2.343256167500269715e-02
2.327746498954428103e-02
2.307874873118304429e-02
2.287694216472327749e-02
2.270384692888426439e-02
2.257207558407023362e-02
2.248431816488239560e-02
2.241943098443676882e-02
2.235981954233792410e-02
2.230447019806696199e-02
2.226093431692697730e-02
2.223397181112990104e-02
2.222617350395137206e-02
2.226807889102813340e-02
2.233262772877210589e-02
2.238739329463529382e-02
2.241648687129063275e-02
2.244880113092800888e-02
2.252771634287626182e-02
2.267930477796214692e-02
2.288013095542832526e-02
2.308651628016917395e-02
2.328471618027434104e-02
2.349348804615740416e-02
2.372811247364188872e-02
2.396620322198051919e-02
2.419608205344622037e-02
2.442426931559070133e-02
2.466816244352268081e-02
2.490309173571542134e-02
2.512528620202329754e-02
2.531606704772039820e-02
2.545230260244619666e-02
2.555936928880229303e-02
2.569169735652889613e-02
2.587907033750867780e-02
2.610873439251504627e-02
2.634589191759745611e-02
2.655266127915419799e-02
2.669953398029451322e-02
2.678738553860613575e-02
2.683796637737629470e-02
2.685358878266768182e-02
2.684952144811047353e-02
2.686465364314648968e-02
2.692629808416323670e-02
2.702670715946647526e-02
2.714239814771125109e-02
2.722229320956080084e-02
2.724041828702296678e-02
2.723448517965130003e-02
2.725478180194556427e-02
2.730466552383536624e-02
2.734226392903144065e-02
2.731429184652878900e-02
2.720980347368703520e-02
2.711370282932470607e-02
2.707519095794853545e-02
2.708441636935077571e-02
2.711021843086944272e-02
2.712460652428377861e-02
2.714045871693375120e-02
2.717657224460679616e-02
2.723252607559505795e-02
2.727620123873215202e-02
2.730263354999000469e-02
2.732739900909626415e-02
2.732992775720555559e-02
2.729252452075425078e-02
2.725234840756146984e-02
2.729678753592576848e-02
2.743844858881077514e-02
2.757340330327308700e-02
2.762384276597060900e-02
2.763265343393390625e-02
2.767176723839792282e-02
2.773610380382203824e-02
2.779968327017443008e-02
2.785274319681228447e-02
2.789740472556239900e-02
2.795366071750200049e-02
2.804627453712885826e-02
2.817971679574619859e-02
2.833956672940000227e-02
2.851157635991410921e-02
2.864377587278696402e-02
2.873101028582925043e-02
2.877546686734243006e-02
2.876734079796408605e-02
2.870791189634804008e-02
2.862276713384609428e-02
2.855661139365986770e-02
2.854516063301262493e-02
2.859719168745651630e-02
2.867243521949470325e-02
2.874135251054207515e-02
2.882022038859551050e-02
2.892655215741690711e-02
2.904272935891936275e-02
2.915535076151598917e-02
2.927959141606054777e-02
2.940748377436720046e-02
2.951550058387074696e-02
2.959699389881386214e-02
2.967147682890965144e-02
2.974244641278431939e-02
2.980397022369052698e-02
2.987677706908778430e-02
2.995007082357705255e-02
3.000454419669476569e-02
3.002537601852147894e-02
3.004640635491222234e-02
3.007368249289096157e-02
3.009105668130674163e-02
3.009587233058292483e-02
3.009903342286509784e-02
3.010020027526847178e-02
3.009563924499965640e-02
3.009032095706397694e-02
3.009550124629867610e-02
3.011184084773014732e-02
3.015803719663965460e-02
3.019558205052447902e-02
3.018902387205621776e-02
3.013736032059679409e-02
3.006193131051434347e-02
2.999965792804454301e-02
2.994429571403649584e-02
2.988525307021251340e-02
2.980460053594238823e-02
2.970751857441901456e-02
2.960989772221063812e-02
2.950873387488855276e-02
2.941011371640916278e-02
2.933643021662772285e-02
2.927804958313028061e-02
2.920422511135571317e-02
2.910795646592422709e-02
2.901005148905129796e-02
2.893942023155797461e-02
2.892520557437569528e-02
2.891545654902145240e-02
2.887424097981474563e-02
2.880079422183193238e-02
2.871279662085846063e-02
2.863911965741589016e-02
2.858159342349257323e-02
2.852179500372288914e-02
2.845298252749717607e-02
2.837681600659305858e-02
2.831337077837460178e-02
2.827252128539544176e-02
2.825879170433765256e-02
2.827498231935544892e-02
2.829180936781007863e-02
2.827257002419742912e-02
2.819164389852156505e-02
2.804678014742266121e-02
2.787994740006301264e-02
2.773771271826290519e-02
2.764404683539165020e-02
2.759456296983837584e-02
2.757179043126342308e-02
2.758044785467541823e-02
2.763055620234415588e-02
2.769880899435283803e-02
2.775987224862569783e-02
2.779206301914262031e-02
2.778288192501632628e-02
2.774786229731003584e-02
2.771568457849519357e-02
2.771699904192918840e-02
2.776669232829238887e-02
2.785253218667067127e-02
2.795683237461910053e-02
2.807821366725763573e-02
2.821546214273334616e-02
2.836509838307999659e-02
2.851910862715151262e-02
2.866666996125666680e-02
2.880647133932157794e-02
2.893413581030374049e-02
2.904429872648430638e-02
2.912432838328994286e-02
2.915761210206191389e-02
2.915192358560192085e-02
2.913108154406247874e-02
2.910715033489778489e-02
2.908462232461855174e-02
2.905047112277727231e-02
2.898828160455630548e-02
2.888119971584713827e-02
2.872982672681288069e-02
2.855666719297696859e-02
2.838414650550496673e-02
2.822717717536243898e-02
2.810155516739153148e-02
2.801461268480600481e-02
2.794600045235590829e-02
2.786695797156025015e-02
2.776401876378278497e-02
2.763661266117776322e-02
2.749210984955329645e-02
2.734337174605184356e-02
2.719373392857904470e-02
2.703268069189843428e-02
2.686175077848216783e-02
2.668048615091753867e-02
2.648710477190567916e-02
2.628781825040429551e-02
2.609839690170716667e-02
2.594967741027658092e-02
2.586654393237816651e-02
2.586093968940369678e-02
2.592944870545459482e-02
2.604134324681503868e-02
2.615970847233445307e-02
2.625779270847758765e-02
2.631655130297140543e-02
2.633254119857651385e-02
2.631203803468688471e-02
2.626218926288367839e-02
2.618996681838158674e-02
2.609870435709579772e-02
2.598221733652827242e-02
2.584218919698469397e-02
2.568774335566980510e-02
2.553192117499216221e-02
2.538918782323397808e-02
2.527028648511382355e-02
2.517076653548400156e-02
2.507991139748669621e-02
2.500016082529485720e-02
2.493177176570209388e-02
2.487513109355993929e-02
2.482027247309916487e-02
2.476584327647211176e-02
2.470821348734858827e-02
2.463770061519612517e-02
2.455485120428061580e-02
2.446010916540788949e-02
2.435956043043368408e-02
2.425783093628583117e-02
2.416536705308261132e-02
2.410751829153957512e-02
2.409842464914677823e-02
2.411144911553384645e-02
2.411401347953211205e-02
2.408061184306899138e-02
2.397804764142727821e-02
2.379685979929690651e-02
2.354810562779391728e-02
2.326336037530862474e-02
2.297567961395899708e-02
2.270705256609035702e-02
2.245981643783899473e-02
2.224383517796157950e-02
2.206360317566989290e-02
2.191898028594355813e-02
2.182320430218083820e-02
2.179865103014495820e-02
2.183872516657374419e-02
2.191353597382507054e-02
2.198523788158167694e-02
2.199765995721987902e-02
2.193692647194364284e-02
2.181414482516141201e-02
2.165574222601055268e-02
2.148868679610731885e-02
2.133275801988651632e-02
2.118905060617018790e-02
2.106071502396396691e-02
2.096094158846263655e-02
2.088854405739970846e-02
2.082245243430710588e-02
2.073334453519347365e-02
2.061431252001514128e-02
2.051512740155576192e-02
2.047267415003358598e-02
2.047477129971985929e-02
2.046675074320403881e-02
2.042299356923966275e-02
2.035039845333126013e-02
2.027711083381006363e-02
2.024576637715657171e-02
2.027419486173219140e-02
2.034731308620442089e-02
2.043716165674978186e-02
2.053275534204658873e-02
2.058680115036870539e-02
2.054691916787000985e-02
2.043802238865806767e-02
2.031035193741580896e-02
2.020402852850488803e-02
2.014542352698902791e-02
2.014233080267293155e-02
2.016473492067681270e-02
2.017851524088671439e-02
2.019502329543785418e-02
2.022813456713268981e-02
2.026608793477141512e-02
2.029304657964094497e-02
2.031041659212685924e-02
2.031388910646357571e-02
2.030055417064709558e-02
2.030538596204723920e-02
2.033674483884537199e-02
2.038458147490967987e-02
2.042666310682727041e-02
2.041932788589091718e-02
2.036002016276599810e-02
2.028420979372361557e-02
2.022113263238318331e-02
2.017374827627806816e-02
2.013545318647159271e-02
2.009191743124177226e-02
2.005821805646933534e-02
2.006097599881232277e-02
2.010976107219224207e-02
2.020151735827450598e-02
2.030787809761930643e-02
2.038893667098612764e-02
2.040571726444819628e-02
2.035098199454489498e-02
2.025987646299462139e-02
2.017969856854481131e-02
2.015137567794319032e-02
2.019228506647242211e-02
2.025997236379704566e-02
2.033303658457849550e-02
2.041473081564406863e-02
2.050050040904638493e-02
2.058686955417891526e-02
2.065973565741589107e-02
2.070881611198871833e-02
2.072675403585781326e-02
2.071353696715781331e-02
2.066655505966994572e-02
2.058475772973300186e-02
2.049640787815097676e-02
2.042944010747191341e-02
2.038093176821707472e-02
2.034326314918045650e-02
2.030917938654797431e-02
2.026768834335965219e-02
2.020082321122590452e-02
2.008318768695114415e-02
1.991734929301760756e-02
1.973733023690123906e-02
1.958296317614338644e-02
1.947901387736208911e-02
1.939911290219128656e-02
1.929877156787013215e-02
1.915899276124027883e-02
1.899980712173458125e-02
1.886879802533399098e-02
1.880760757025332422e-02
1.879679064858031171e-02
1.878166378724504398e-02
1.874278647361279221e-02
1.871019227286704542e-02
1.870838900341479163e-02
1.869646826566571940e-02
1.863757488454382411e-02
1.853906720299425617e-02
1.844022046844452992e-02
1.837196879544952463e-02
1.831515064829634942e-02
1.824186133364162285e-02
1.816531633458780270e-02
1.807623953885086412e-02
1.796783611888316465e-02
1.782223550453164440e-02
1.764759756572824301e-02
1.748590599944031473e-02
1.734623726594464177e-02
1.721240646948522801e-02
1.709233862544165886e-02
1.698084086018749814e-02
1.685669070770529077e-02
1.672748415247933204e-02
1.659151117065010492e-02
1.645601373743535434e-02
1.634645465806583084e-02
1.626304702297374713e-02
1.616752253884909743e-02
1.603181821018876893e-02
1.588091535511279573e-02
1.577395373314008711e-02
1.574582332161389431e-02
1.576218213853717784e-02
1.575392682943230205e-02
1.571180159168034107e-02
1.566067400224991149e-02
1.560901714356394653e-02
1.554504396997531852e-02
1.547237636827296543e-02
1.540386837798366285e-02
1.532984146207985732e-02
1.523903677014759248e-02
1.517385570122719782e-02
1.515378154250711720e-02
1.516425147945914091e-02
1.519322484455816642e-02
1.522349211408450219e-02
1.523291948890558717e-02
1.522597861273087411e-02
1.522649998202460497e-02
1.522495182967686933e-02
1.519902703313592146e-02
1.516604351838527452e-02
1.513895660311944183e-02
1.512304486026224554e-02
1.511701174545325259e-02
1.512008496756729603e-02
1.512494859195606840e-02
1.511704704879489151e-02
1.508747695505751468e-02
1.503995432328491567e-02
1.501012519781005916e-02
1.502572928996298053e-02
1.508845339934315050e-02
1.518982518064323876e-02
1.530155241297601748e-02
1.539298381476813561e-02
1.546956852984097096e-02
1.552943885300201755e-02
1.555963122187373031e-02
1.556937747169770229e-02
1.556976235502773379e-02
1.557149512515394567e-02
1.559071945669560609e-02
1.563578660047865165e-02
1.569748019796340932e-02
1.574824799546122728e-02
1.577331165653509532e-02
1.578051668629334298e-02
1.578191451559527239e-02
1.578549067497845779e-02
1.578318465008519272e-02
1.577215019574491547e-02
1.573452106474102288e-02
1.568979776109670141e-02
1.565287450677827971e-02
1.562251929858272936e-02
1.561588098108203371e-02
1.563635683983639196e-02
1.565198141481174976e-02
1.562572574583571267e-02
1.556336509501278845e-02
1.550476532272343673e-02
1.546574833778538612e-02
1.545226200409180635e-02
1.547578090452225719e-02
1.552092911393203843e-02
1.556724827797837177e-02
1.559516645279796117e-02
1.559204020952617391e-02
1.557692481937632961e-02
1.552646360023226743e-02
1.542613520539418658e-02
1.530968150926311118e-02
1.519929699606795311e-02
1.508906655910893443e-02
1.498888979598728653e-02
1.490096244194986062e-02
1.479979010846126965e-02
1.470301112234989084e-02
1.463420776544865042e-02
1.459345335508686718e-02
1.457790442106536230e-02
1.457281364982191893e-02
1.455842580862318734e-02
1.452658317729505280e-02
1.447137567549279004e-02
1.437571443841543541e-02
1.425411610621492818e-02
1.414774044018029218e-02
1.408583487452799883e-02
1.405428814848289250e-02
1.403400707599388765e-02
1.398684829206854954e-02
1.388145171543011917e-02
1.374387375193281829e-02
1.360766890018522308e-02
1.349621927142305444e-02
1.342120557195545377e-02
1.338951106223709719e-02
1.338971402346585474e-02
1.340562656634145325e-02
1.341792042540025480e-02
1.341302546182212077e-02
1.337883620792712329e-02
1.330777376322960816e-02
1.319657838463241840e-02
1.308452270650055024e-02
1.299418707448012078e-02
1.291476414247083593e-02
1.283748040763070530e-02
1.275038828613725590e-02
1.265083713191233160e-02
1.253665373847123732e-02
1.243263796851389394e-02
1.234329183006509754e-02
1.226606401197208492e-02
1.220484281227354056e-02
1.217757648154596528e-02
1.217143276779211747e-02
1.214956527922722400e-02
1.209510939661578334e-02
1.202321607945567791e-02
1.194858106703809708e-02
1.189020317160290226e-02
1.185564268081477045e-02
1.181375939978016217e-02
1.173342248649417337e-02
1.162842789631423832e-02
1.151876188981575989e-02
1.141588687385423559e-02
1.134981806666847393e-02
1.132129398060233508e-02
1.131355101212503343e-02
1.129450718900217206e-02
1.124738062705715053e-02
1.121125275945308690e-02
1.119074810898766648e-02
1.115189750775488590e-02
1.109056653228001482e-02
1.101705411179062372e-02
1.091526121865860760e-02
1.077569402566580688e-02
1.061906185246534046e-02
1.048283525127246922e-02
1.037873519835733581e-02
1.032397967326953263e-02
1.030361820226191605e-02
1.029936789399529297e-02
1.031969696883221210e-02
1.033572393865634514e-02
1.033538392336783018e-02
1.034555686911565325e-02
1.038627437753916402e-02
1.042684293353776659e-02
1.043479562580896733e-02
1.042199734862021832e-02
1.038778721132100659e-02
1.031227391102709952e-02
1.020444287661377743e-02
1.007499650515111984e-02
9.955072932650238862e-03
9.872972688429883237e-03
9.811350283436701125e-03
9.772218993709972865e-03
9.773107196511339814e-03
9.818849702134108820e-03
9.867906379962250105e-03
9.874460538761502260e-03
9.828375584267998871e-03
9.733334906991773089e-03
9.621190441772450169e-03
9.539590061784303937e-03
9.495892836283190835e-03
9.490828700745629690e-03
9.516671170685869069e-03
9.534649011053988529e-03
9.535616606675144380e-03
9.536312874020062835e-03
9.546943754635217605e-03
9.556905294003442339e-03
9.550309141451763378e-03
9.509594905790877753e-03
9.434980840644677930e-03
9.337117616081367158e-03
9.251727159279608120e-03
9.222938199096071196e-03
9.249381800818091623e-03
9.288262953020825705e-03
9.303755410070788448e-03
9.278230530369496742e-03
9.228388043623639986e-03
9.191314226213569485e-03
9.154627877978891229e-03
9.112736700342193713e-03
9.093481304481244518e-03
9.088639757303012753e-03
9.066523740090976294e-03
9.037301497654392710e-03
9.013832974966157555e-03
8.995061798334261921e-03
8.985012022322727554e-03
8.985459328534423085e-03
8.974492121421125471e-03
8.951474077490223502e-03
8.914524591179612267e-03
8.847742569270306695e-03
8.750212393336787020e-03
8.633684036013286947e-03
8.523908903157250555e-03
8.447850175145960039e-03
8.431907020848526668e-03
8.465202334144756799e-03
8.510549557386582267e-03
8.548458718740924514e-03
8.583976480851294652e-03
8.639859819550158374e-03
8.690950995652415786e-03
8.713842787261002337e-03
8.697079320256482712e-03
8.645569530309472200e-03
8.578081435121318737e-03
8.496447600668050743e-03
8.407981151258295954e-03
8.319234653621590883e-03
8.237917879157992049e-03
8.153649868316794128e-03
8.054505564740513032e-03
7.936950064737267538e-03
7.808610732097576689e-03
7.676273107912530425e-03
7.554907407450012560e-03
7.459552448653559119e-03
7.389070756332495951e-03
7.334380137858018123e-03
7.275998669805764339e-03
7.200072454059803714e-03
7.107956006523856451e-03
7.020864928300885738e-03
6.965931018754698174e-03
6.929691281171078583e-03
6.884578802468376175e-03
6.815681136718477334e-03
