5.002251125562781453e+03
5.005502751375687694e+03
5.008754377188593935e+03
5.012006003001501085e+03
5.015257628814407326e+03
5.018509254627313567e+03
5.021760880440219807e+03
5.025012506253126048e+03
5.028264132066033198e+03
5.031515757878939439e+03
5.034767383691845680e+03
5.038019009504752830e+03
5.041270635317659071e+03
5.044522261130565312e+03
5.047773886943471553e+03
5.051025512756377793e+03
5.054277138569284944e+03
5.057528764382191184e+03
5.060780390195097425e+03
5.064032016008003666e+03
5.067283641820909907e+03
5.070535267633817057e+03
5.073786893446723298e+03
5.077038519259629538e+03
5.080290145072536689e+03
5.083541770885442929e+03
5.086793396698349170e+03
5.090045022511255411e+03
5.093296648324161652e+03
5.096548274137068802e+03
5.099799899949975043e+03
5.103051525762881283e+03
5.106303151575787524e+03
5.109554777388693765e+03
5.112806403201600915e+03
5.116058029014507156e+03
5.119309654827413397e+03
5.122561280640320547e+03
5.125812906453226788e+03
5.129064532266133028e+03
5.132316158079039269e+03
5.135567783891945510e+03
5.138819409704852660e+03
5.142071035517758901e+03
5.145322661330665142e+03
5.148574287143571382e+03
5.151825912956477623e+03
5.155077538769384773e+03
5.158329164582291014e+03
5.161580790395197255e+03
5.164832416208104405e+03
5.168084042021010646e+03
5.171335667833916887e+03
5.174587293646823127e+03
5.177838919459729368e+03
5.181090545272636518e+03
5.184342171085542759e+03
5.187593796898449000e+03
5.190845422711355241e+03
5.194097048524261481e+03
5.197348674337168632e+03
5.200600300150074872e+03
5.203851925962981113e+03
5.207103551775888263e+03
5.210355177588794504e+03
5.213606803401700745e+03
5.216858429214606986e+03
5.220110055027513226e+03
5.223361680840420377e+03
5.226613306653326617e+03
5.229864932466232858e+03
5.233116558279140008e+03
5.236368184092046249e+03
5.239619809904952490e+03
5.242871435717858731e+03
5.246123061530764971e+03
5.249374687343672122e+03
5.252626313156578362e+03
5.255877938969484603e+03
5.259129564782390844e+03
5.262381190595297085e+03
5.265632816408204235e+03
5.268884442221110476e+03
5.272136068034016716e+03
5.275387693846923867e+03
5.278639319659830107e+03
5.281890945472736348e+03
5.285142571285642589e+03
5.288394197098548830e+03
5.291645822911455980e+03
5.294897448724362221e+03
5.298149074537268461e+03
5.301400700350174702e+03
5.304652326163080943e+03
5.307903951975988093e+03
5.311155577788894334e+03
5.314407203601800575e+03
5.317658829414707725e+03
5.320910455227613966e+03
5.324162081040520206e+03
5.327413706853426447e+03
5.330665332666332688e+03
5.333916958479239838e+03
5.337168584292146079e+03
5.340420210105052320e+03
5.343671835917958560e+03
5.346923461730864801e+03
5.350175087543771951e+03
5.353426713356678192e+03
5.356678339169584433e+03
5.359929964982491583e+03
5.363181590795397824e+03
5.366433216608304065e+03
5.369684842421210305e+03
5.372936468234116546e+03
5.376188094047023696e+03
5.379439719859929937e+03
5.382691345672836178e+03
5.385942971485742419e+03
5.389194597298648659e+03
5.392446223111555810e+03
5.395697848924462050e+03
5.398949474737368291e+03
5.402201100550275441e+03
5.405452726363181682e+03
5.408704352176087923e+03
5.411955977988994164e+03
5.415207603801900405e+03
5.418459229614807555e+03
5.421710855427713796e+03
5.424962481240620036e+03
5.428214107053527187e+03
5.431465732866433427e+03
5.434717358679339668e+03
5.437968984492245909e+03
5.441220610305152150e+03
5.444472236118059300e+03
5.447723861930965541e+03
5.450975487743871781e+03
5.454227113556778022e+03
5.457478739369684263e+03
5.460730365182591413e+03
5.463981990995497654e+03
5.467233616808403895e+03
5.470485242621311045e+03
5.473736868434217286e+03
5.476988494247123526e+03
5.480240120060029767e+03
5.483491745872936008e+03
5.486743371685843158e+03
5.489994997498749399e+03
5.493246623311655640e+03
5.496498249124561880e+03
5.499749874937468121e+03
5.503001500750375271e+03
5.506253126563281512e+03
5.509504752376187753e+03
5.512756378189094903e+03
5.516008004002001144e+03
5.519259629814907385e+03
5.522511255627813625e+03
5.525762881440719866e+03
5.529014507253627016e+03
5.532266133066533257e+03
5.535517758879439498e+03
5.538769384692345739e+03
5.542021010505251979e+03
5.545272636318159130e+03
5.548524262131065370e+03
5.551775887943971611e+03
5.555027513756878761e+03
5.558279139569784093e+03
5.561530765382691243e+03
5.564782391195597484e+03
5.568034017008503724e+03
5.571285642821410875e+03
5.574537268634317115e+03
5.577788894447223356e+03
5.581040520260130506e+03
5.584292146073035838e+03
5.587543771885942988e+03
5.590795397698849229e+03
5.594047023511755469e+03
5.597298649324662620e+03
5.600550275137568860e+03
5.603801900950475101e+03
5.607053526763381342e+03
5.610305152576287583e+03
5.613556778389194733e+03
5.616808404202100974e+03
5.620060030015007214e+03
5.623311655827914365e+03
5.626563281640819696e+03
5.629814907453726846e+03
5.633066533266633087e+03
5.636318159079539328e+03
5.639569784892446478e+03
5.642821410705352719e+03
5.646073036518258959e+03
5.649324662331166110e+03
5.652576288144071441e+03
5.655827913956978591e+03
5.659079539769884832e+03
5.662331165582791073e+03
5.665582791395698223e+03
5.668834417208603554e+03
5.672086043021510704e+03
5.675337668834416945e+03
5.678589294647323186e+03
5.681840920460230336e+03
5.685092546273136577e+03
5.688344172086042818e+03
5.691595797898949968e+03
5.694847423711855299e+03
5.698099049524762449e+03
5.701350675337668690e+03
5.704602301150574931e+03
5.707853926963482081e+03
5.711105552776387412e+03
5.714357178589294563e+03
5.717608804402200803e+03
5.720860430215107044e+03
5.724112056028014194e+03
5.727363681840920435e+03
5.730615307653826676e+03
5.733866933466733826e+03
5.737118559279639157e+03
5.740370185092546308e+03
5.743621810905452548e+03
5.746873436718358789e+03
5.750125062531265939e+03
5.753376688344171271e+03
5.756628314157078421e+03
5.759879939969984662e+03
5.763131565782890902e+03
5.766383191595798053e+03
5.769634817408704293e+03
5.772886443221610534e+03
5.776138069034517684e+03
5.779389694847423016e+03
5.782641320660330166e+03
5.785892946473236407e+03
5.789144572286142647e+03
5.792396198099049798e+03
5.795647823911956039e+03
5.798899449724862279e+03
5.802151075537768520e+03
5.805402701350674761e+03
5.808654327163581911e+03
5.811905952976488152e+03
5.815157578789394393e+03
5.818409204602301543e+03
5.821660830415206874e+03
5.824912456228114024e+03
5.828164082041020265e+03
5.831415707853926506e+03
5.834667333666833656e+03
5.837918959479739897e+03
5.841170585292646138e+03
5.844422211105553288e+03
5.847673836918458619e+03
5.850925462731365769e+03
5.854177088544272010e+03
5.857428714357178251e+03
5.860680340170085401e+03
5.863931965982990732e+03
5.867183591795897883e+03
5.870435217608804123e+03
5.873686843421710364e+03
5.876938469234617514e+03
5.880190095047523755e+03
5.883441720860429996e+03
5.886693346673337146e+03
5.889944972486242477e+03
5.893196598299149628e+03
5.896448224112055868e+03
5.899699849924962109e+03
5.902951475737869259e+03
5.906203101550774591e+03
5.909454727363681741e+03
5.912706353176587982e+03
5.915957978989494222e+03
5.919209604802401373e+03
5.922461230615307613e+03
5.925712856428213854e+03
5.928964482241121004e+03
5.932216108054026336e+03
5.935467733866933486e+03
5.938719359679839727e+03
5.941970985492745967e+03
5.945222611305653118e+03
5.948474237118558449e+03
5.951725862931465599e+03
5.954977488744371840e+03
5.958229114557278081e+03
5.961480740370185231e+03
5.964732366183091472e+03
5.967983991995997712e+03
5.971235617808904863e+03
5.974487243621810194e+03
5.977738869434717344e+03
5.980990495247623585e+03
5.984242121060529826e+03
5.987493746873436976e+03
5.990745372686343217e+03
5.993996998499249457e+03
5.997248624312155698e+03
6.000500250125061939e+03
6.003751875937969089e+03
6.007003501750875330e+03
6.010255127563781571e+03
6.013506753376688721e+03
6.016758379189594052e+03
6.020010005002501202e+03
6.023261630815407443e+03
6.026513256628313684e+03
6.029764882441220834e+03
6.033016508254127075e+03
6.036268134067033316e+03
6.039519759879940466e+03
6.042771385692845797e+03
6.046023011505752947e+03
6.049274637318659188e+03
6.052526263131565429e+03
6.055777888944472579e+03
6.059029514757377910e+03
6.062281140570285061e+03
6.065532766383191301e+03
6.068784392196097542e+03
6.072036018009004692e+03
6.075287643821910933e+03
6.078539269634817174e+03
6.081790895447724324e+03
6.085042521260629655e+03
6.088294147073536806e+03
6.091545772886443046e+03
6.094797398699349287e+03
6.098049024512256437e+03
6.101300650325161769e+03
6.104552276138068919e+03
6.107803901950975160e+03
6.111055527763881400e+03
6.114307153576788551e+03
6.117558779389694791e+03
6.120810405202601032e+03
6.124062031015508182e+03
6.127313656828413514e+03
6.130565282641320664e+03
6.133816908454226905e+03
6.137068534267133145e+03
6.140320160080040296e+03
6.143571785892946536e+03
6.146823411705852777e+03
6.150075037518759018e+03
6.153326663331665259e+03
6.156578289144572409e+03
6.159829914957478650e+03
6.163081540770384890e+03
6.166333166583292041e+03
6.169584792396197372e+03
6.172836418209104522e+03
6.176088044022010763e+03
6.179339669834917004e+03
6.182591295647824154e+03
6.185842921460730395e+03
6.189094547273636636e+03
6.192346173086543786e+03
6.195597798899449117e+03
6.198849424712356267e+03
6.202101050525262508e+03
6.205352676338168749e+03
6.208604302151075899e+03
6.211855927963981230e+03
6.215107553776888381e+03
6.218359179589794621e+03
6.221610805402700862e+03
6.224862431215608012e+03
6.228114057028514253e+03
6.231365682841420494e+03
6.234617308654327644e+03
6.237868934467232975e+03
6.241120560280140126e+03
6.244372186093046366e+03
6.247623811905952607e+03
6.250875437718859757e+03
6.254127063531765089e+03
6.257378689344672239e+03
6.260630315157578480e+03
6.263881940970484720e+03
6.267133566783391871e+03
6.270385192596298111e+03
6.273636818409204352e+03
6.276888444222111502e+03
6.280140070035016834e+03
6.283391695847923984e+03
6.286643321660830225e+03
6.289894947473736465e+03
6.293146573286643616e+03
6.296398199099548947e+03
6.299649824912456097e+03
6.302901450725362338e+03
6.306153076538268579e+03
6.309404702351175729e+03
6.312656328164081970e+03
6.315907953976988210e+03
6.319159579789895361e+03
6.322411205602800692e+03
6.325662831415707842e+03
6.328914457228614083e+03
6.332166083041520324e+03
6.335417708854427474e+03
6.338669334667333715e+03
6.341920960480239955e+03
6.345172586293146196e+03
6.348424212106052437e+03
6.351675837918959587e+03
6.354927463731865828e+03
6.358179089544772069e+03
6.361430715357679219e+03
6.364682341170584550e+03
6.367933966983491700e+03
6.371185592796397941e+03
6.374437218609304182e+03
6.377688844422211332e+03
6.380940470235117573e+03
6.384192096048023814e+03
6.387443721860930964e+03
6.390695347673836295e+03
6.393946973486743445e+03
6.397198599299649686e+03
6.400450225112555927e+03
6.403701850925463077e+03
6.406953476738368408e+03
6.410205102551275559e+03
6.413456728364181799e+03
6.416708354177088040e+03
6.419959979989995190e+03
6.423211605802901431e+03
6.426463231615807672e+03
6.429714857428714822e+03
6.432966483241620153e+03
6.436218109054527304e+03
6.439469734867433544e+03
6.442721360680339785e+03
6.445972986493246935e+03
6.449224612306152267e+03
6.452476238119059417e+03
6.455727863931965658e+03
6.458979489744871898e+03
6.462231115557779049e+03
6.465482741370685289e+03
6.468734367183591530e+03
6.471985992996498680e+03
6.475237618809404012e+03
6.478489244622311162e+03
6.481740870435217403e+03
6.484992496248123643e+03
6.488244122061030794e+03
6.491495747873936125e+03
6.494747373686843275e+03
6.497998999499749516e+03
6.501250625312655757e+03
6.504502251125562907e+03
6.507753876938469148e+03
6.511005502751375388e+03
6.514257128564282539e+03
6.517508754377187870e+03
6.520760380190095020e+03
6.524012006003001261e+03
6.527263631815907502e+03
6.530515257628814652e+03
6.533766883441720893e+03
6.537018509254627133e+03
6.540270135067533374e+03
6.543521760880439615e+03
6.546773386693346765e+03
6.550025012506253006e+03
6.553276638319159247e+03
6.556528264132066397e+03
6.559779889944971728e+03
6.563031515757878879e+03
6.566283141570785119e+03
6.569534767383691360e+03
6.572786393196598510e+03
6.576038019009504751e+03
6.579289644822410992e+03
6.582541270635318142e+03
6.585792896448223473e+03
6.589044522261130624e+03
6.592296148074036864e+03
6.595547773886943105e+03
6.598799399699850255e+03
6.602051025512755587e+03
6.605302651325662737e+03
6.608554277138568978e+03
6.611805902951475218e+03
6.615057528764382369e+03
6.618309154577288609e+03
6.621560780390194850e+03
6.624812406203102000e+03
6.628064032016007332e+03
6.631315657828914482e+03
6.634567283641820723e+03
6.637818909454726963e+03
6.641070535267634114e+03
6.644322161080539445e+03
6.647573786893446595e+03
6.650825412706352836e+03
6.654077038519259077e+03
6.657328664332166227e+03
6.660580290145072468e+03
6.663831915957978708e+03
6.667083541770885859e+03
6.670335167583791190e+03
6.673586793396698340e+03
6.676838419209604581e+03
6.680090045022510822e+03
6.683341670835417972e+03
6.686593296648323303e+03
6.689844922461230453e+03
6.693096548274136694e+03
6.696348174087042935e+03
6.699599799899950085e+03
6.702851425712856326e+03
6.706103051525762567e+03
6.709354677338669717e+03
6.712606303151575048e+03
6.715857928964482198e+03
6.719109554777388439e+03
6.722361180590294680e+03
6.725612806403201830e+03
6.728864432216108071e+03
6.732116058029014312e+03
6.735367683841920552e+03
6.738619309654826793e+03
6.741870935467733943e+03
6.745122561280640184e+03
6.748374187093546425e+03
6.751625812906453575e+03
6.754877438719358906e+03
6.758129064532266057e+03
6.761380690345172297e+03
6.764632316158078538e+03
6.767883941970985688e+03
6.771135567783891929e+03
6.774387193596798170e+03
6.777638819409705320e+03
6.780890445222610651e+03
6.784142071035517802e+03
6.787393696848424042e+03
6.790645322661330283e+03
6.793896948474237433e+03
6.797148574287142765e+03
6.800400200100049915e+03
6.803651825912956156e+03
6.806903451725862396e+03
6.810155077538769547e+03
6.813406703351675787e+03
6.816658329164582028e+03
6.819909954977489178e+03
6.823161580790394510e+03
6.826413206603301660e+03
6.829664832416207901e+03
6.832916458229114141e+03
6.836168084042021292e+03
6.839419709854926623e+03
6.842671335667833773e+03
6.845922961480740014e+03
6.849174587293646255e+03
6.852426213106553405e+03
6.855677838919459646e+03
6.858929464732365886e+03
6.862181090545273037e+03
6.865432716358178368e+03
6.868684342171085518e+03
6.871935967983991759e+03
6.875187593796898000e+03
6.878439219609805150e+03
6.881690845422710481e+03
6.884942471235617631e+03
6.888194097048523872e+03
6.891445722861430113e+03
6.894697348674337263e+03
6.897948974487243504e+03
6.901200600300149745e+03
6.904452226113056895e+03
6.907703851925962226e+03
6.910955477738869376e+03
6.914207103551775617e+03
6.917458729364681858e+03
6.920710355177589008e+03
6.923961980990495249e+03
6.927213606803401490e+03
6.930465232616307730e+03
6.933716858429213971e+03
6.936968484242121121e+03
6.940220110055027362e+03
6.943471735867933603e+03
6.946723361680840753e+03
6.949974987493746085e+03
6.953226613306653235e+03
6.956478239119559476e+03
6.959729864932465716e+03
6.962981490745372867e+03
6.966233116558279107e+03
6.969484742371185348e+03
6.972736368184092498e+03
6.975987993996997830e+03
6.979239619809904980e+03
6.982491245622811221e+03
6.985742871435717461e+03
6.988994497248624612e+03
6.992246123061529943e+03
6.995497748874437093e+03
6.998749374687343334e+03
7.002001000500249575e+03
7.005252626313156725e+03
7.008504252126062966e+03
7.011755877938969206e+03
7.015007503751876357e+03
7.018259129564781688e+03
7.021510755377688838e+03
7.024762381190595079e+03
7.028014007003501320e+03
7.031265632816408470e+03
7.034517258629313801e+03
7.037768884442220951e+03
7.041020510255127192e+03
7.044272136068033433e+03
7.047523761880940583e+03
7.050775387693846824e+03
7.054027013506753065e+03
7.057278639319660215e+03
7.060530265132565546e+03
7.063781890945472696e+03
7.067033516758378937e+03
7.070285142571285178e+03
7.073536768384192328e+03
7.076788394197097659e+03
7.080040020010004810e+03
7.083291645822911050e+03
7.086543271635817291e+03
7.089794897448724441e+03
7.093046523261630682e+03
7.096298149074536923e+03
7.099549774887444073e+03
7.102801400700349404e+03
7.106053026513256555e+03
7.109304652326162795e+03
7.112556278139069036e+03
7.115807903951976186e+03
7.119059529764882427e+03
7.122311155577788668e+03
7.125562781390694909e+03
7.128814407203601149e+03
7.132066033016508300e+03
7.135317658829414540e+03
7.138569284642320781e+03
7.141820910455227931e+03
7.145072536268133263e+03
7.148324162081040413e+03
7.151575787893946654e+03
7.154827413706852894e+03
7.158079039519760045e+03
7.161330665332666285e+03
7.164582291145572526e+03
7.167833916958479676e+03
7.171085542771385008e+03
7.174337168584292158e+03
7.177588794397198399e+03
7.180840420210104639e+03
7.184092046023011790e+03
7.187343671835917121e+03
7.190595297648824271e+03
7.193846923461730512e+03
7.197098549274636753e+03
7.200350175087543903e+03
7.203601800900450144e+03
7.206853426713356384e+03
7.210105052526263535e+03
7.213356678339168866e+03
7.216608304152076016e+03
7.219859929964982257e+03
7.223111555777888498e+03
7.226363181590795648e+03
7.229614807403700979e+03
7.232866433216608129e+03
7.236118059029514370e+03
7.239369684842420611e+03
7.242621310655327761e+03
7.245872936468234002e+03
7.249124562281140243e+03
7.252376188094047393e+03
7.255627813906952724e+03
7.258879439719859874e+03
7.262131065532766115e+03
7.265382691345672356e+03
7.268634317158579506e+03
7.271885942971484837e+03
7.275137568784391988e+03
7.278389194597298228e+03
7.281640820410204469e+03
7.284892446223111619e+03
7.288144072036017860e+03
7.291395697848924101e+03
7.294647323661831251e+03
7.297898949474736582e+03
7.301150575287643733e+03
7.304402201100549973e+03
7.307653826913456214e+03
7.310905452726363364e+03
7.314157078539269605e+03
7.317408704352175846e+03
7.320660330165082087e+03
7.323911955977988328e+03
7.327163581790895478e+03
7.330415207603801719e+03
7.333666833416707959e+03
7.336918459229615110e+03
7.340170085042520441e+03
7.343421710855427591e+03
7.346673336668333832e+03
7.349924962481240073e+03
7.353176588294147223e+03
7.356428214107053464e+03
7.359679839919959704e+03
7.362931465732866855e+03
7.366183091545772186e+03
7.369434717358679336e+03
7.372686343171585577e+03
7.375937968984491818e+03
7.379189594797398968e+03
7.382441220610304299e+03
7.385692846423211449e+03
7.388944472236117690e+03
7.392196098049023931e+03
7.395447723861931081e+03
7.398699349674837322e+03
7.401950975487743563e+03
7.405202601300650713e+03
7.408454227113556044e+03
7.411705852926463194e+03
7.414957478739369435e+03
7.418209104552275676e+03
7.421460730365182826e+03
7.424712356178088157e+03
7.427963981990995308e+03
7.431215607803901548e+03
7.434467233616807789e+03
7.437718859429714939e+03
7.440970485242621180e+03
7.444222111055527421e+03
7.447473736868434571e+03
7.450725362681339902e+03
7.453976988494247053e+03
7.457228614307153293e+03
7.460480240120059534e+03
7.463731865932966684e+03
7.466983491745872016e+03
7.470235117558779166e+03
7.473486743371685407e+03
7.476738369184591647e+03
7.479989994997498798e+03
7.483241620810405038e+03
7.486493246623311279e+03
7.489744872436218429e+03
7.492996498249123761e+03
7.496248124062030911e+03
7.499499749874937152e+03
7.502751375687843392e+03
7.506003001500750543e+03
7.509254627313656783e+03
7.512506253126563024e+03
7.515757878939469265e+03
7.519009504752375506e+03
7.522261130565282656e+03
7.525512756378188897e+03
7.528764382191095137e+03
7.532016008004002288e+03
7.535267633816907619e+03
7.538519259629814769e+03
7.541770885442721010e+03
7.545022511255627251e+03
7.548274137068534401e+03
7.551525762881440642e+03
7.554777388694346882e+03
7.558029014507254033e+03
7.561280640320159364e+03
7.564532266133066514e+03
7.567783891945972755e+03
7.571035517758878996e+03
7.574287143571786146e+03
7.577538769384691477e+03
7.580790395197598627e+03
7.584042021010504868e+03
7.587293646823411109e+03
7.590545272636318259e+03
7.593796898449224500e+03
7.597048524262130741e+03
7.600300150075036981e+03
7.603551775887944132e+03
7.606803401700850372e+03
7.610055027513756613e+03
7.613306653326662854e+03
7.616558279139569095e+03
7.619809904952476245e+03
7.623061530765382486e+03
7.626313156578288726e+03
7.629564782391194967e+03
7.632816408204102117e+03
7.636068034017008358e+03
7.639319659829914599e+03
7.642571285642820840e+03
7.645822911455727990e+03
7.649074537268634231e+03
7.652326163081540471e+03
7.655577788894446712e+03
7.658829414707353862e+03
7.662081040520260103e+03
7.665332666333166344e+03
7.668584292146072585e+03
7.671835917958978825e+03
7.675087543771885976e+03
7.678339169584792216e+03
7.681590795397698457e+03
7.684842421210604698e+03
7.688094047023511848e+03
7.691345672836418089e+03
7.694597298649324330e+03
7.697848924462230570e+03
7.701100550275137721e+03
7.704352176088043961e+03
7.707603801900950202e+03
7.710855427713856443e+03
7.714107053526762684e+03
7.717358679339669834e+03
7.720610305152576075e+03
7.723861930965482316e+03
7.727113556778388556e+03
7.730365182591295707e+03
7.733616808404201947e+03
7.736868434217108188e+03
7.740120060030014429e+03
7.743371685842921579e+03
7.746623311655827820e+03
7.749874937468734061e+03
7.753126563281640301e+03
7.756378189094547452e+03
7.759629814907453692e+03
7.762881440720359933e+03
7.766133066533266174e+03
7.769384692346172415e+03
7.772636318159079565e+03
7.775887943971985806e+03
7.779139569784892046e+03
7.782391195597798287e+03
7.785642821410705437e+03
7.788894447223611678e+03
7.792146073036517919e+03
7.795397698849424160e+03
7.798649324662331310e+03
7.801900950475237551e+03
7.805152576288143791e+03
7.808404202101050032e+03
7.811655827913956273e+03
7.814907453726863423e+03
7.818159079539769664e+03
7.821410705352675905e+03
7.824662331165582145e+03
7.827913956978489296e+03
7.831165582791395536e+03
7.834417208604301777e+03
7.837668834417208018e+03
7.840920460230115168e+03
7.844172086043021409e+03
7.847423711855927650e+03
7.850675337668833890e+03
7.853926963481741041e+03
7.857178589294647281e+03
7.860430215107553522e+03
7.863681840920459763e+03
7.866933466733366004e+03
7.870185092546273154e+03
7.873436718359179395e+03
7.876688344172085635e+03
7.879939969984991876e+03
7.883191595797899026e+03
7.886443221610805267e+03
7.889694847423711508e+03
7.892946473236617749e+03
7.896198099049524899e+03
7.899449724862431140e+03
7.902701350675337380e+03
7.905952976488243621e+03
7.909204602301149862e+03
7.912456228114057012e+03
7.915707853926963253e+03
7.918959479739869494e+03
7.922211105552775734e+03
7.925462731365682885e+03
7.928714357178589125e+03
7.931965982991495366e+03
7.935217608804401607e+03
7.938469234617308757e+03
7.941720860430214998e+03
7.944972486243121239e+03
7.948224112056027479e+03
7.951475737868934630e+03
7.954727363681840870e+03
7.957978989494747111e+03
7.961230615307653352e+03
7.964482241120559593e+03
7.967733866933466743e+03
7.970985492746372984e+03
7.974237118559279224e+03
7.977488744372185465e+03
7.980740370185092615e+03
7.983991995997998856e+03
7.987243621810905097e+03
7.990495247623811338e+03
7.993746873436718488e+03
7.996998499249624729e+03
8.000250125062530969e+03
8.003501750875437210e+03
8.006753376688343451e+03
8.010005002501250601e+03
8.013256628314156842e+03
8.016508254127063083e+03
8.019759879939969323e+03
8.023011505752876474e+03
8.026263131565782714e+03
8.029514757378688955e+03
8.032766383191595196e+03
8.036018009004502346e+03
8.039269634817408587e+03
8.042521260630314828e+03
8.045772886443221068e+03
8.049024512256128219e+03
8.052276138069034459e+03
8.055527763881940700e+03
8.058779389694846941e+03
8.062031015507753182e+03
8.065282641320660332e+03
8.068534267133566573e+03
8.071785892946472813e+03
8.075037518759379054e+03
8.078289144572286204e+03
8.081540770385192445e+03
8.084792396198098686e+03
8.088044022011004927e+03
8.091295647823912077e+03
8.094547273636818318e+03
8.097798899449724559e+03
8.101050525262630799e+03
8.104302151075537040e+03
8.107553776888444190e+03
8.110805402701350431e+03
8.114057028514256672e+03
8.117308654327162913e+03
8.120560280140070063e+03
8.123811905952976304e+03
8.127063531765882544e+03
8.130315157578788785e+03
8.133566783391695935e+03
8.136818409204602176e+03
8.140070035017508417e+03
8.143321660830414658e+03
8.146573286643321808e+03
8.149824912456228049e+03
8.153076538269134289e+03
8.156328164082040530e+03
8.159579789894946771e+03
8.162831415707853921e+03
8.166083041520760162e+03
8.169334667333666403e+03
8.172586293146572643e+03
8.175837918959479794e+03
8.179089544772386034e+03
8.182341170585292275e+03
8.185592796398198516e+03
8.188844422211105666e+03
8.192096048024011907e+03
8.195347673836917238e+03
8.198599299649824388e+03
8.201850925462731539e+03
8.205102551275638689e+03
8.208354177088544020e+03
8.211605802901449351e+03
8.214857428714356502e+03
8.218109054527263652e+03
8.221360680340170802e+03
8.224612306153076133e+03
8.227863931965981465e+03
8.231115557778888615e+03
8.234367183591795765e+03
8.237618809404702915e+03
8.240870435217608247e+03
8.244122061030515397e+03
8.247373686843420728e+03
8.250625312656327878e+03
8.253876938469235029e+03
8.257128564282140360e+03
8.260380190095047510e+03
8.263631815907952841e+03
8.266883441720859992e+03
8.270135067533767142e+03
8.273386693346674292e+03
8.276638319159579623e+03
8.279889944972484955e+03
8.283141570785392105e+03
8.286393196598299255e+03
8.289644822411206405e+03
8.292896448224111737e+03
8.296148074037017068e+03
8.299399699849924218e+03
8.302651325662831368e+03
8.305902951475738519e+03
8.309154577288643850e+03
8.312406203101549181e+03
8.315657828914456331e+03
8.318909454727363482e+03
8.322161080540270632e+03
8.325412706353175963e+03
8.328664332166083113e+03
8.331915957978988445e+03
8.335167583791895595e+03
8.338419209604802745e+03
8.341670835417709895e+03
8.344922461230615227e+03
8.348174087043520558e+03
8.351425712856427708e+03
8.354677338669334858e+03
8.357928964482242009e+03
8.361180590295147340e+03
8.364432216108052671e+03
8.367683841920959821e+03
8.370935467733866972e+03
8.374187093546774122e+03
8.377438719359679453e+03
8.380690345172584784e+03
8.383941970985491935e+03
8.387193596798399085e+03
8.390445222611306235e+03
8.393696848424211566e+03
8.396948474237116898e+03
8.402601734489659066e+03
8.413609072715144066e+03
8.424616410940627247e+03
8.435623749166110429e+03
8.446631087391593610e+03
8.457638425617078610e+03
8.468645763842561792e+03
8.479653102068044973e+03
8.490660440293528154e+03
8.501667778519013154e+03
8.512675116744496336e+03
8.523682454969979517e+03
8.534689793195462698e+03
8.545697131420947699e+03
8.556704469646430880e+03
8.567711807871914061e+03
8.578719146097399062e+03
8.589726484322882243e+03
8.600733822548365424e+03
8.611741160773848605e+03
8.622748498999333606e+03
8.633755837224816787e+03
8.644763175450299968e+03
8.655770513675783150e+03
8.666777851901268150e+03
8.677785190126751331e+03
8.688792528352234513e+03
8.699799866577717694e+03
8.710807204803202694e+03
8.721814543028685875e+03
8.732821881254169057e+03
8.743829219479652238e+03
8.754836557705137238e+03
8.765843895930620420e+03
8.776851234156103601e+03
8.787858572381588601e+03
8.798865910607071783e+03
8.809873248832554964e+03
8.820880587058038145e+03
8.831887925283521326e+03
8.842895263509006327e+03
8.853902601734489508e+03
8.864909939959972689e+03
8.875917278185457690e+03
8.886924616410940871e+03
8.897931954636424052e+03
8.908939292861907234e+03
8.919946631087392234e+03
8.930953969312875415e+03
8.941961307538358597e+03
8.952968645763841778e+03
8.963975983989326778e+03
8.974983322214809959e+03
8.985990660440293141e+03
8.996997998665778141e+03
9.008005336891261322e+03
9.019012675116744504e+03
9.030020013342227685e+03
9.041027351567710866e+03
9.052034689793195867e+03
9.063042028018679048e+03
9.074049366244162229e+03
9.085056704469647229e+03
9.096064042695130411e+03
9.107071380920613592e+03
9.118078719146096773e+03
9.129086057371581774e+03
9.140093395597064955e+03
9.151100733822548136e+03
9.162108072048031318e+03
9.173115410273516318e+03
9.184122748498999499e+03
9.195130086724482680e+03
9.206137424949965862e+03
9.217144763175450862e+03
9.228152101400934043e+03
9.239159439626417225e+03
9.250166777851900406e+03
9.261174116077385406e+03
9.272181454302868588e+03
9.283188792528351769e+03
9.294196130753836769e+03
9.305203468979319950e+03
9.316210807204803132e+03
9.327218145430286313e+03
9.338225483655769494e+03
9.349232821881254495e+03
9.360240160106737676e+03
9.371247498332220857e+03
9.382254836557705858e+03
9.393262174783189039e+03
9.404269513008672220e+03
9.415276851234155401e+03
9.426284189459640402e+03
9.437291527685123583e+03
9.448298865910606764e+03
9.459306204136089946e+03
9.470313542361574946e+03
9.481320880587058127e+03
9.492328218812541309e+03
9.503335557038026309e+03
9.514342895263509490e+03
9.525350233488992671e+03
9.536357571714475853e+03
9.547364909939959034e+03
9.558372248165444034e+03
9.569379586390927216e+03
9.580386924616410397e+03
9.591394262841895397e+03
9.602401601067378579e+03
9.613408939292861760e+03
9.624416277518344941e+03
9.635423615743828123e+03
9.646430953969313123e+03
9.657438292194796304e+03
9.668445630420279485e+03
9.679452968645764486e+03
9.690460306871247667e+03
9.701467645096730848e+03
9.712474983322215849e+03
9.723482321547699030e+03
9.734489659773182211e+03
9.745496997998665393e+03
9.756504336224148574e+03
9.767511674449633574e+03
9.778519012675116755e+03
9.789526350900599937e+03
9.800533689126084937e+03
9.811541027351568118e+03
9.822548365577051300e+03
9.833555703802534481e+03
9.844563042028017662e+03
9.855570380253502663e+03
9.866577718478985844e+03
9.877585056704469025e+03
9.888592394929954025e+03
9.899599733155437207e+03
9.910607071380920388e+03
9.921614409606403569e+03
9.932621747831886751e+03
9.943629086057371751e+03
9.954636424282854932e+03
9.965643762508338114e+03
9.976651100733823114e+03
9.987658438959306295e+03
9.998665777184789476e+03
1.000967311541027448e+04
1.002068045363575766e+04
1.003168779186124084e+04
1.004269513008672402e+04
1.005370246831220720e+04
1.006470980653769220e+04
1.007571714476317538e+04
1.008672448298865856e+04
1.009773182121414357e+04
1.010873915943962675e+04
1.011974649766510993e+04
1.013075383589059311e+04
1.014176117411607629e+04
1.015276851234156129e+04
1.016377585056704447e+04
1.017478318879252765e+04
1.018579052701801265e+04
1.019679786524349583e+04
1.020780520346897902e+04
1.021881254169446402e+04
1.022981987991994720e+04
1.024082721814543038e+04
1.025183455637091356e+04
1.026284189459639674e+04
1.027384923282188174e+04
1.028485657104736492e+04
1.029586390927284810e+04
1.030687124749833310e+04
1.031787858572381629e+04
1.032888592394929947e+04
1.033989326217478265e+04
1.035090060040026583e+04
1.036190793862575083e+04
1.037291527685123401e+04
1.038392261507671719e+04
1.039492995330220219e+04
1.040593729152768537e+04
1.041694462975316856e+04
1.042795196797865174e+04
1.043895930620413492e+04
1.044996664442961992e+04
1.046097398265510310e+04
1.047198132088058628e+04
1.048298865910607128e+04
1.049399599733155446e+04
1.050500333555703764e+04
1.051601067378252264e+04
1.052701801200800583e+04
1.053802535023348901e+04
1.054903268845897219e+04
1.056004002668445537e+04
1.057104736490994037e+04
1.058205470313542355e+04
1.059306204136090673e+04
1.060406937958639173e+04
1.061507671781187491e+04
1.062608405603735810e+04
1.063709139426284128e+04
1.064809873248832446e+04
1.065910607071380946e+04
1.067011340893929264e+04
1.068112074716477582e+04
1.069212808539026082e+04
1.070313542361574400e+04
1.071414276184122718e+04
1.072515010006671218e+04
1.073615743829219537e+04
1.074716477651767855e+04
1.075817211474316173e+04
1.076917945296864491e+04
1.078018679119412991e+04
1.079119412941961309e+04
1.080220146764509627e+04
1.081320880587058127e+04
1.082421614409606445e+04
1.083522348232154764e+04
1.084623082054703082e+04
1.085723815877251400e+04
1.086824549699799900e+04
1.087925283522348218e+04
1.089026017344896536e+04
1.090126751167445036e+04
1.091227484989993354e+04
1.092328218812541672e+04
1.093428952635089991e+04
1.094529686457638309e+04
1.095630420280186809e+04
1.096731154102735127e+04
1.097831887925283445e+04
1.098932621747831945e+04
1.100033355570380263e+04
1.101134089392928581e+04
1.102234823215477081e+04
1.103335557038025399e+04
1.104436290860573718e+04
1.105537024683122036e+04
1.106637758505670354e+04
1.107738492328218854e+04
1.108839226150767172e+04
1.109939959973315490e+04
1.111040693795863990e+04
1.112141427618412308e+04
1.113242161440960626e+04
1.114342895263508944e+04
1.115443629086057263e+04
1.116544362908605763e+04
1.117645096731154081e+04
1.118745830553702399e+04
1.119846564376250899e+04
1.120947298198799217e+04
1.122048032021347535e+04
1.123148765843896035e+04
1.124249499666444353e+04
1.125350233488992671e+04
1.126450967311540990e+04
1.127551701134089308e+04
1.128652434956637808e+04
1.129753168779186126e+04
1.130853902601734444e+04
1.131954636424282944e+04
1.133055370246831262e+04
1.134156104069379580e+04
1.135256837891927898e+04
1.136357571714476217e+04
1.137458305537024717e+04
1.138559039359573035e+04
1.139659773182121353e+04
1.140760507004669853e+04
1.141861240827218171e+04
1.142961974649766489e+04
1.144062708472314807e+04
1.145163442294863125e+04
1.146264176117411625e+04
1.147364909939959944e+04
1.148465643762508262e+04
1.149566377585056762e+04
1.150667111407605080e+04
1.151767845230153398e+04
1.152868579052701898e+04
1.153969312875250216e+04
1.155070046697798534e+04
1.156170780520346852e+04
1.157271514342895171e+04
1.158372248165443671e+04
1.159472981987991989e+04
1.160573715810540307e+04
1.161674449633088807e+04
1.162775183455637125e+04
1.163875917278185443e+04
1.164976651100733943e+04
1.166077384923282079e+04
1.167178118745830579e+04
1.168278852568378898e+04
1.169379586390927216e+04
1.170480320213475716e+04
1.171581054036024034e+04
1.172681787858572352e+04
1.173782521681120852e+04
1.174883255503668988e+04
1.175983989326217488e+04
1.177084723148765806e+04
1.178185456971314125e+04
1.179286190793862625e+04
1.180386924616410943e+04
1.181487658438959261e+04
1.182588392261507761e+04
1.183689126084055897e+04
1.184789859906604397e+04
1.185890593729152897e+04
1.186991327551701033e+04
1.188092061374249533e+04
1.189192795196797852e+04
1.190293529019346170e+04
1.191394262841894670e+04
1.192494996664442988e+04
1.193595730486991306e+04
1.194696464309539806e+04
1.195797198132087942e+04
1.196897931954636442e+04
1.197998665777184760e+04
1.199099399599733079e+04
1.200200133422281579e+04
1.201300867244829897e+04
1.202401601067378215e+04
1.203502334889926715e+04
1.204603068712474851e+04
1.205703802535023351e+04
1.206804536357571669e+04
1.207905270180119987e+04
1.209006004002668487e+04
1.210106737825216806e+04
1.211207471647765124e+04
1.212308205470313624e+04
1.213408939292861942e+04
1.214509673115410260e+04
1.215610406937958760e+04
1.216711140760506896e+04
1.217811874583055396e+04
1.218912608405603714e+04
1.220013342228152032e+04
1.221114076050700533e+04
1.222214809873248851e+04
1.223315543695797169e+04
1.224416277518345669e+04
1.225517011340893805e+04
1.226617745163442305e+04
1.227718478985990623e+04
1.228819212808538941e+04
1.229919946631087441e+04
1.231020680453635759e+04
1.232121414276184078e+04
1.233222148098732578e+04
1.234322881921280714e+04
1.235423615743829214e+04
1.236524349566377532e+04
1.237625083388925850e+04
1.238725817211474350e+04
1.239826551034022668e+04
1.240927284856570986e+04
1.242028018679119486e+04
1.243128752501667805e+04
1.244229486324216123e+04
1.245330220146764623e+04
1.246430953969312759e+04
1.247531687791861259e+04
1.248632421614409577e+04
1.249733155436957895e+04
1.250833889259506395e+04
1.251934623082054713e+04
1.253035356904603032e+04
1.254136090727151532e+04
1.255236824549699668e+04
1.256337558372248168e+04
1.257438292194796486e+04
1.258539026017344804e+04
1.259639759839893304e+04
1.260740493662441622e+04
1.261841227484989940e+04
1.262941961307538440e+04
1.264042695130086759e+04
1.265143428952635077e+04
1.266244162775183577e+04
1.267344896597731713e+04
1.268445630420280213e+04
1.269546364242828531e+04
1.270647098065376849e+04
1.271747831887925349e+04
1.272848565710473667e+04
1.273949299533021986e+04
1.275050033355570486e+04
1.276150767178118622e+04
1.277251501000667122e+04
1.278352234823215440e+04
1.279452968645763758e+04
1.280553702468312258e+04
1.281654436290860576e+04
1.282755170113408894e+04
1.283855903935957394e+04
1.284956637758505531e+04
1.286057371581054031e+04
1.287158105403602349e+04
1.288258839226150667e+04
1.289359573048699167e+04
1.290460306871247485e+04
1.291561040693795803e+04
1.292661774516344303e+04
1.293762508338892621e+04
1.294863242161440940e+04
1.295963975983989440e+04
1.297064709806537576e+04
1.298165443629086076e+04
1.299266177451634394e+04
1.300366911274182712e+04
1.301467645096731212e+04
1.302568378919279530e+04
1.303669112741827848e+04
1.304769846564376348e+04
1.305870580386924485e+04
1.306971314209472985e+04
1.308072048032021303e+04
1.309172781854569621e+04
1.310273515677118121e+04
1.311374249499666439e+04
1.312474983322214757e+04
1.313575717144763257e+04
1.314676450967311575e+04
1.315777184789859893e+04
1.316877918612408394e+04
1.317978652434956530e+04
1.319079386257505030e+04
1.320180120080053348e+04
1.321280853902601666e+04
1.322381587725150166e+04
1.323482321547698484e+04
1.324583055370246802e+04
1.325683789192795302e+04
1.326784523015343439e+04
1.327885256837891939e+04
1.328985990660440257e+04
1.330086724482988575e+04
1.331187458305537075e+04
1.332288192128085393e+04
1.333388925950633711e+04
1.334489659773182211e+04
1.335590393595730347e+04
1.336691127418278847e+04
1.337791861240827166e+04
1.338892595063375484e+04
1.339993328885923984e+04
1.341094062708472302e+04
1.342194796531020620e+04
1.343295530353569120e+04
1.344396264176117438e+04
1.345496997998665756e+04
1.346597731821214256e+04
1.347698465643762393e+04
1.348799199466310893e+04
1.349899933288859211e+04
1.351000667111407529e+04
1.352101400933956029e+04
1.353202134756504347e+04
1.354302868579052665e+04
1.355403602401601165e+04
1.356504336224149301e+04
1.357605070046697801e+04
1.358705803869246120e+04
1.359806537691794438e+04
1.360907271514342938e+04
1.362008005336891256e+04
1.363108739159439574e+04
1.364209472981988074e+04
1.365310206804536392e+04
1.366410940627084710e+04
1.367511674449633210e+04
1.368612408272181347e+04
1.369713142094729847e+04
1.370813875917278165e+04
1.371914609739826483e+04
1.373015343562374983e+04
1.374116077384923301e+04
1.375216811207471619e+04
1.376317545030020119e+04
1.377418278852568255e+04
1.378519012675116755e+04
1.379619746497665074e+04
1.380720480320213392e+04
1.381821214142761892e+04
1.382921947965310210e+04
1.384022681787858528e+04
1.385123415610407028e+04
1.386224149432955164e+04
1.387324883255503664e+04
1.388425617078051982e+04
1.389526350900600301e+04
1.390627084723148801e+04
1.391727818545697119e+04
1.392828552368245437e+04
1.393929286190793937e+04
1.395030020013342255e+04
1.396130753835890573e+04
1.397231487658439073e+04
1.398332221480987209e+04
1.399432955303535709e+04
1.400533689126084028e+04
1.401634422948632346e+04
1.402735156771180846e+04
1.403835890593729164e+04
1.404936624416277482e+04
1.406037358238825982e+04
1.407138092061374118e+04
1.408238825883922618e+04
1.409339559706470936e+04
1.410440293529019254e+04
1.411541027351567755e+04
1.412641761174116073e+04
1.413742494996664391e+04
1.414843228819212891e+04
1.415943962641761027e+04
1.417044696464309527e+04
1.418145430286858027e+04
1.419246164109406163e+04
1.420346897931954663e+04
1.421447631754502981e+04
1.422548365577051300e+04
1.423649099399599800e+04
1.424749833222148118e+04
1.425850567044696436e+04
1.426951300867244936e+04
1.428052034689793072e+04
1.429152768512341572e+04
1.430253502334889890e+04
1.431354236157438208e+04
1.432454969979986708e+04
1.433555703802535027e+04
1.434656437625083345e+04
1.435757171447631845e+04
1.436857905270179981e+04
1.437958639092728481e+04
1.439059372915276799e+04
1.440160106737825117e+04
1.441260840560373617e+04
1.442361574382921935e+04
1.443462308205470254e+04
1.444563042028018754e+04
1.445663775850567072e+04
1.446764509673115390e+04
1.447865243495663890e+04
1.448965977318212026e+04
1.450066711140760526e+04
1.451167444963308844e+04
1.452268178785857162e+04
1.453368912608405662e+04
1.454469646430953981e+04
1.455570380253502299e+04
1.456671114076050799e+04
1.457771847898598935e+04
1.458872581721147435e+04
1.459973315543695753e+04
1.461074049366244071e+04
1.462174783188792571e+04
1.463275517011340889e+04
1.464376250833889208e+04
1.465476984656437708e+04
1.466577718478985844e+04
1.467678452301534344e+04
1.468779186124082844e+04
1.469879919946630980e+04
1.470980653769179480e+04
1.472081387591727798e+04
1.473182121414276116e+04
1.474282855236824616e+04
1.475383589059372935e+04
1.476484322881921253e+04
1.477585056704469753e+04
1.478685790527017889e+04
1.479786524349566389e+04
1.480887258172114707e+04
1.481987991994663025e+04
1.483088725817211525e+04
1.484189459639759843e+04
1.485290193462308162e+04
1.486390927284856662e+04
1.487491661107404798e+04
1.488592394929953298e+04
1.489693128752501616e+04
1.490793862575049934e+04
1.491894596397598434e+04
1.492995330220146752e+04
1.494096064042695070e+04
1.495196797865243570e+04
1.496297531687791889e+04
1.497398265510340207e+04
1.498498999332888707e+04
1.499599733155436843e+04
1.500700466977985343e+04
1.501801200800533661e+04
1.502901934623081979e+04
1.504002668445630479e+04
1.505103402268178797e+04
1.506204136090727116e+04
1.507304869913275616e+04
1.508405603735823752e+04
1.509506337558372252e+04
1.510607071380920570e+04
1.511707805203468888e+04
1.512808539026017388e+04
1.513909272848565706e+04
1.515010006671114024e+04
1.516110740493662524e+04
1.517211474316210661e+04
1.518312208138759161e+04
1.519412941961307661e+04
1.520513675783855797e+04
1.521614409606404297e+04
1.522715143428952615e+04
1.523815877251500933e+04
1.524916611074049433e+04
1.526017344896597751e+04
1.527118078719146069e+04
1.528218812541694570e+04
1.529319546364242706e+04
1.530420280186791206e+04
1.531521014009339524e+04
1.532621747831887842e+04
1.533722481654436342e+04
1.534823215476984660e+04
1.535923949299532978e+04
1.537024683122081478e+04
1.538125416944629615e+04
1.539226150767178115e+04
1.540326884589726433e+04
1.541427618412274751e+04
1.542528352234823251e+04
1.543629086057371569e+04
1.544729819879919887e+04
1.545830553702468387e+04
1.546931287525016705e+04
1.548032021347565023e+04
1.549132755170113523e+04
1.550233488992661660e+04
1.551334222815210160e+04
1.552434956637758478e+04
1.553535690460306796e+04
1.554636424282855296e+04
1.555737158105403614e+04
1.556837891927951932e+04
1.557938625750500432e+04
1.559039359573048569e+04
1.560140093395597069e+04
1.561240827218145387e+04
1.562341561040693705e+04
1.563442294863242205e+04
1.564543028685790523e+04
1.565643762508338841e+04
1.566744496330887341e+04
1.567845230153435477e+04
1.568945963975983977e+04
1.570046697798532296e+04
1.571147431621080796e+04
1.572248165443629114e+04
1.573348899266177432e+04
1.574449633088725750e+04
1.575550366911274250e+04
1.576651100733822568e+04
1.577751834556370886e+04
1.578852568378919204e+04
1.579953302201467704e+04
1.581054036024016023e+04
1.582154769846564341e+04
1.583255503669112659e+04
1.584356237491661159e+04
1.585456971314209477e+04
1.586557705136757795e+04
1.587658438959306113e+04
1.588759172781854613e+04
1.589859906604402931e+04
1.590960640426951250e+04
1.592061374249499568e+04
1.593162108072048068e+04
1.594262841894596386e+04
1.595363575717144704e+04
1.596464309539693204e+04
1.597565043362241522e+04
1.598665777184789840e+04
1.599766511007338158e+04
1.600867244829886658e+04
1.601967978652434977e+04
1.603068712474983295e+04
1.604169446297531613e+04
1.605270180120080113e+04
1.606370913942628431e+04
1.607471647765176749e+04
1.608572381587725067e+04
1.609673115410273567e+04
1.610773849232821885e+04
1.611874583055370204e+04
1.612975316877918522e+04
1.614076050700467022e+04
1.615176784523015340e+04
1.616277518345563658e+04
1.617378252168111976e+04
1.618478985990660476e+04
1.619579719813208794e+04
1.620680453635757112e+04
1.621781187458305612e+04
1.622881921280853931e+04
1.623982655103402249e+04
1.625083388925950567e+04
1.626184122748499067e+04
1.627284856571047385e+04
1.628385590393595703e+04
1.629486324216144021e+04
1.630587058038692521e+04
1.631687791861240839e+04
1.632788525683789157e+04
1.633889259506337476e+04
1.634989993328885976e+04
1.636090727151434294e+04
1.637191460973982612e+04
1.638292194796530930e+04
1.639392928619079612e+04
1.640493662441627748e+04
1.641594396264175884e+04
1.642695130086724384e+04
1.643795863909272884e+04
1.644896597731821385e+04
1.645997331554369521e+04
1.647098065376918021e+04
1.648198799199466157e+04
1.649299533022014657e+04
1.650400266844563157e+04
1.651501000667111657e+04
1.652601734489659793e+04
1.653702468312207930e+04
1.654803202134756430e+04
1.655903935957304930e+04
1.657004669779853430e+04
1.658105403602401566e+04
1.659206137424949702e+04
1.660306871247498202e+04
1.661407605070046702e+04
1.662508338892595202e+04
1.663609072715143338e+04
1.664709806537691838e+04
1.665810540360239975e+04
1.666911274182788475e+04
1.668012008005336975e+04
1.669112741827885475e+04
1.670213475650433611e+04
1.671314209472981747e+04
1.672414943295530247e+04
1.673515677118078747e+04
1.674616410940627247e+04
1.675717144763175384e+04
1.676817878585723884e+04
1.677918612408272020e+04
1.679019346230820520e+04
1.680120080053369020e+04
1.681220813875917520e+04
1.682321547698465656e+04
1.683422281521013792e+04
1.684523015343562292e+04
1.685623749166110792e+04
1.686724482988659292e+04
1.687825216811207429e+04
1.688925950633755565e+04
1.690026684456304065e+04
1.691127418278852565e+04
1.692228152101401065e+04
1.693328885923949201e+04
1.694429619746497701e+04
1.695530353569045838e+04
1.696631087391594338e+04
1.697731821214142838e+04
1.698832555036691338e+04
1.699933288859239474e+04
1.701034022681787610e+04
1.702134756504336110e+04
1.703235490326884610e+04
1.704336224149433110e+04
1.705436957971981246e+04
1.706537691794529746e+04
1.707638425617077883e+04
1.708739159439626383e+04
1.709839893262174883e+04
1.710940627084723383e+04
1.712041360907271519e+04
1.713142094729819655e+04
1.714242828552368155e+04
1.715343562374916655e+04
1.716444296197465155e+04
1.717545030020013292e+04
1.718645763842561428e+04
1.719746497665109928e+04
1.720847231487658428e+04
1.721947965310206928e+04
1.723048699132755064e+04
1.724149432955303564e+04
1.725250166777851700e+04
1.726350900600400200e+04
1.727451634422948700e+04
1.728552368245497200e+04
1.729653102068045337e+04
1.730753835890593473e+04
1.731854569713141973e+04
1.732955303535690473e+04
1.734056037358238973e+04
1.735156771180787109e+04
1.736257505003335609e+04
1.737358238825883745e+04
1.738458972648432245e+04
1.739559706470980746e+04
1.740660440293529246e+04
1.741761174116077382e+04
1.742861907938625518e+04
1.743962641761174018e+04
1.745063375583722518e+04
1.746164109406271018e+04
1.747264843228819154e+04
1.748365577051367291e+04
1.749466310873915791e+04
1.750567044696464291e+04
1.751667778519012791e+04
1.752768512341561291e+04
1.753869246164109427e+04
1.754969979986657563e+04
1.756070713809206063e+04
1.757171447631754563e+04
1.758272181454303063e+04
1.759372915276851199e+04
1.760473649099399336e+04
1.761574382921947836e+04
1.762675116744496336e+04
1.763775850567044836e+04
1.764876584389592972e+04
1.765977318212141472e+04
1.767078052034689608e+04
1.768178785857238108e+04
1.769279519679786608e+04
1.770380253502335108e+04
1.771480987324883245e+04
1.772581721147431381e+04
1.773682454969979881e+04
1.774783188792528381e+04
1.775883922615076881e+04
1.776984656437625017e+04
1.778085390260173517e+04
1.779186124082721653e+04
1.780286857905270153e+04
1.781387591727818653e+04
1.782488325550367153e+04
1.783589059372915290e+04
1.784689793195463426e+04
1.785790527018011926e+04
1.786891260840560426e+04
1.787991994663108926e+04
1.789092728485657062e+04
1.790193462308205198e+04
1.791294196130753699e+04
1.792394929953302199e+04
1.793495663775850699e+04
1.794596397598398835e+04
1.795697131420947335e+04
1.796797865243495471e+04
1.797898599066043971e+04
1.798999332888592471e+04
1.800100066711140971e+04
1.801200800533689107e+04
1.802301534356237244e+04
1.803402268178785744e+04
1.804503002001334244e+04
1.805603735823882744e+04
1.806704469646430880e+04
1.807805203468979380e+04
1.808905937291527516e+04
1.810006671114076016e+04
1.811107404936624516e+04
1.812208138759173016e+04
1.813308872581721153e+04
1.814409606404269289e+04
1.815510340226817789e+04
1.816611074049366289e+04
1.817711807871914789e+04
1.818812541694462925e+04
1.819913275517011061e+04
1.821014009339559561e+04
1.822114743162108061e+04
1.823215476984656561e+04
1.824316210807204698e+04
1.825416944629753198e+04
1.826517678452301334e+04
1.827618412274849834e+04
1.828719146097398334e+04
1.829819879919946834e+04
1.830920613742494970e+04
1.832021347565043106e+04
1.833122081387591606e+04
1.834222815210140107e+04
1.835323549032688607e+04
1.836424282855236743e+04
1.837525016677785243e+04
1.838625750500333379e+04
1.839726484322881879e+04
1.840827218145430379e+04
1.841927951967978879e+04
1.843028685790527015e+04
1.844129419613075152e+04
1.845230153435623652e+04
1.846330887258172152e+04
1.847431621080720652e+04
1.848532354903268788e+04
1.849633088725816924e+04
1.850733822548365424e+04
1.851834556370913924e+04
1.852935290193462424e+04
1.854036024016010924e+04
1.855136757838559060e+04
1.856237491661107197e+04
1.857338225483655697e+04
1.858438959306204197e+04
1.859539693128752697e+04
1.860640426951300833e+04
1.861741160773848969e+04
1.862841894596397469e+04
1.863942628418945969e+04
1.865043362241494469e+04
1.866144096064042606e+04
1.867244829886591106e+04
1.868345563709139242e+04
1.869446297531687742e+04
1.870547031354236242e+04
1.871647765176784742e+04
1.872748498999332878e+04
1.873849232821881014e+04
1.874949966644429514e+04
1.876050700466978014e+04
1.877151434289526514e+04
1.878252168112074651e+04
1.879352901934623151e+04
1.880453635757171287e+04
1.881554369579719787e+04
1.882655103402268287e+04
1.883755837224816787e+04
1.884856571047364923e+04
1.885957304869913060e+04
1.887058038692461560e+04
1.888158772515010060e+04
1.889259506337558560e+04
1.890360240160106696e+04
1.891460973982654832e+04
1.892561707805203332e+04
1.893662441627751832e+04
1.894763175450300332e+04
1.895863909272848468e+04
1.896964643095396968e+04
1.898065376917945105e+04
1.899166110740493605e+04
1.900266844563042105e+04
1.901367578385590605e+04
1.902468312208138741e+04
1.903569046030686877e+04
1.904669779853235377e+04
1.905770513675783877e+04
1.906871247498332377e+04
1.907971981320880514e+04
1.909072715143429014e+04
1.910173448965977150e+04
1.911274182788525650e+04
1.912374916611074150e+04
1.913475650433622650e+04
1.914576384256170786e+04
1.915677118078718922e+04
1.916777851901267422e+04
1.917878585723815922e+04
1.918979319546364422e+04
1.920080053368912559e+04
1.921180787191460695e+04
1.922281521014009195e+04
1.923382254836557695e+04
1.924482988659106195e+04
1.925583722481654331e+04
1.926684456304202831e+04
1.927785190126750967e+04
1.928885923949299467e+04
1.929986657771847968e+04
1.931087391594396468e+04
1.932188125416944604e+04
1.933288859239492740e+04
1.934389593062041240e+04
1.935490326884589740e+04
1.936591060707138240e+04
1.937691794529686376e+04
1.938792528352234876e+04
1.939893262174783013e+04
1.940993995997331513e+04
1.942094729819880013e+04
1.943195463642428513e+04
1.944296197464976649e+04
1.945396931287524785e+04
1.946497665110073285e+04
1.947598398932621785e+04
1.948699132755170285e+04
1.949799866577718421e+04
1.950900600400266558e+04
1.952001334222815058e+04
1.953102068045363558e+04
1.954202801867912058e+04
1.955303535690460558e+04
1.956404269513008694e+04
1.957505003335556830e+04
1.958605737158105330e+04
1.959706470980653830e+04
1.960807204803202330e+04
1.961907938625750467e+04
1.963008672448298603e+04
1.964109406270847103e+04
1.965210140093395603e+04
1.966310873915944103e+04
1.967411607738492239e+04
1.968512341561040739e+04
1.969613075383588875e+04
1.970713809206137375e+04
1.971814543028685875e+04
1.972915276851234375e+04
1.974016010673782512e+04
1.975116744496330648e+04
1.976217478318879148e+04
1.977318212141427648e+04
1.978418945963976148e+04
1.979519679786524284e+04
1.980620413609072784e+04
1.981721147431620921e+04
1.982821881254169421e+04
1.983922615076717921e+04
1.985023348899266421e+04
1.986124082721814557e+04
1.987224816544362693e+04
1.988325550366911193e+04
1.989426284189459693e+04
1.990527018012008193e+04
1.991627751834556329e+04
1.992728485657104466e+04
1.993829219479652966e+04
1.994929953302201466e+04
1.996030687124749966e+04
1.997131420947298102e+04
1.998232154769846602e+04
1.999332888592394738e+04
2.000433622414943238e+04
2.001534356237491738e+04
2.002635090060040238e+04
2.003735823882588375e+04
2.004836557705136511e+04
2.005937291527685011e+04
2.007038025350233511e+04
2.008138759172782011e+04
2.009239492995330147e+04
2.010340226817878647e+04
2.011440960640426783e+04
2.012541694462975283e+04
2.013642428285523783e+04
2.014743162108072283e+04
2.015843895930620420e+04
2.016944629753168556e+04
2.018045363575717056e+04
2.019146097398265556e+04
2.020246831220814056e+04
2.021347565043362192e+04
2.022448298865910328e+04
2.023549032688458828e+04
2.024649766511007329e+04
2.025750500333555829e+04
2.026851234156103965e+04
2.027951967978652465e+04
2.029052701801200601e+04
2.030153435623749101e+04
2.031254169446297601e+04
2.032354903268846101e+04
2.033455637091394237e+04
2.034556370913942374e+04
2.035657104736490874e+04
2.036757838559039374e+04
2.037858572381587874e+04
2.038959306204136010e+04
2.040060040026684510e+04
2.041160773849232646e+04
2.042261507671781146e+04
2.043362241494329646e+04
2.044462975316878146e+04
2.045563709139426282e+04
2.046664442961974419e+04
2.047765176784522919e+04
2.048865910607071419e+04
2.049966644429619919e+04
2.051067378252168055e+04
2.052168112074716191e+04
2.053268845897264691e+04
2.054369579719813191e+04
2.055470313542361691e+04
2.056571047364910191e+04
2.057671781187458328e+04
2.058772515010006464e+04
2.059873248832554964e+04
2.060973982655103464e+04
2.062074716477651964e+04
2.063175450300200100e+04
2.064276184122748236e+04
2.065376917945296736e+04
2.066477651767845236e+04
2.067578385590393736e+04
2.068679119412941873e+04
2.069779853235490373e+04
2.070880587058038509e+04
2.071981320880587009e+04
2.073082054703135509e+04
2.074182788525684009e+04
2.075283522348232145e+04
2.076384256170780282e+04
2.077484989993328782e+04
2.078585723815877282e+04
2.079686457638425782e+04
2.080787191460973918e+04
2.081887925283522054e+04
2.082988659106070554e+04
2.084089392928619054e+04
2.085190126751167554e+04
2.086290860573716054e+04
2.087391594396264190e+04
2.088492328218812327e+04
2.089593062041360827e+04
2.090693795863909327e+04
2.091794529686457827e+04
2.092895263509005963e+04
2.093995997331554099e+04
2.095096731154102599e+04
2.096197464976651099e+04
2.097298198799199599e+04
2.098398932621747736e+04
2.099499666444296236e+04
2.100600400266844372e+04
2.101701134089392872e+04
2.102801867911941372e+04
2.103902601734489872e+04
2.105003335557038008e+04
2.106104069379586144e+04
2.107204803202134644e+04
2.108305537024683144e+04
2.109406270847231644e+04
2.110507004669779781e+04
2.111607738492328281e+04
2.112708472314876417e+04
2.113809206137424917e+04
2.114909939959973417e+04
2.116010673782521917e+04
2.117111407605070053e+04
2.118212141427618189e+04
2.119312875250166690e+04
2.120413609072715190e+04
2.121514342895263690e+04
2.122615076717811826e+04
2.123715810540359962e+04
2.124816544362908462e+04
2.125917278185456962e+04
2.127018012008005462e+04
2.128118745830553598e+04
2.129219479653102098e+04
2.130320213475650235e+04
2.131420947298198735e+04
2.132521681120747235e+04
2.133622414943295735e+04
2.134723148765843871e+04
2.135823882588392007e+04
2.136924616410940507e+04
2.138025350233489007e+04
2.139126084056037507e+04
2.140226817878585643e+04
2.141327551701134144e+04
2.142428285523682280e+04
2.143529019346230780e+04
2.144629753168779280e+04
2.145730486991327780e+04
2.146831220813875916e+04
2.147931954636424052e+04
2.149032688458972552e+04
2.150133422281521052e+04
2.151234156104069552e+04
2.152334889926617689e+04
2.153435623749165825e+04
2.154536357571714325e+04
2.155637091394262825e+04
2.156737825216811325e+04
2.157838559039359461e+04
2.158939292861907961e+04
2.160040026684456097e+04
2.161140760507004597e+04
2.162241494329553097e+04
2.163342228152101598e+04
2.164442961974649734e+04
2.165543695797197870e+04
2.166644429619746370e+04
2.167745163442294870e+04
2.168845897264843370e+04
2.169946631087391506e+04
2.171047364909940006e+04
2.172148098732488143e+04
2.173248832555036643e+04
2.174349566377585143e+04
2.175450300200133643e+04
2.176551034022681779e+04
2.177651767845229915e+04
2.178752501667778415e+04
2.179853235490326915e+04
2.180953969312875415e+04
2.182054703135423551e+04
2.183155436957971688e+04
2.184256170780520188e+04
2.185356904603068688e+04
2.186457638425617188e+04
2.187558372248165688e+04
2.188659106070713824e+04
2.189759839893261960e+04
2.190860573715810460e+04
2.191961307538358960e+04
2.193062041360907460e+04
2.194162775183455597e+04
2.195263509006003733e+04
2.196364242828552233e+04
2.197464976651100733e+04
2.198565710473649233e+04
2.199666444296197369e+04
2.200767178118745869e+04
2.201867911941294005e+04
2.202968645763842505e+04
2.204069379586391005e+04
2.205170113408939505e+04
2.206270847231487642e+04
2.207371581054035778e+04
2.208472314876584278e+04
2.209573048699132778e+04
2.210673782521681278e+04
2.211774516344229414e+04
2.212875250166777914e+04
2.213975983989326051e+04
2.215076717811874551e+04
2.216177451634423051e+04
2.217278185456971551e+04
2.218378919279519687e+04
2.219479653102067823e+04
2.220580386924616323e+04
2.221681120747164823e+04
2.222781854569713323e+04
2.223882588392261459e+04
2.224983322214809596e+04
2.226084056037358096e+04
2.227184789859906596e+04
2.228285523682455096e+04
2.229386257505003232e+04
2.230486991327551732e+04
2.231587725150099868e+04
2.232688458972648368e+04
2.233789192795196868e+04
2.234889926617745368e+04
2.235990660440293505e+04
2.237091394262841641e+04
2.238192128085390141e+04
2.239292861907938641e+04
2.240393595730487141e+04
2.241494329553035277e+04
2.242595063375583777e+04
2.243695797198131913e+04
2.244796531020680413e+04
2.245897264843228913e+04
2.246997998665777413e+04
2.248098732488325550e+04
2.249199466310873686e+04
2.250300200133422186e+04
2.251400933955970686e+04
2.252501667778519186e+04
2.253602401601067322e+04
2.254703135423615458e+04
2.255803869246163958e+04
2.256904603068712458e+04
2.258005336891260959e+04
2.259106070713809095e+04
2.260206804536357595e+04
2.261307538358905731e+04
2.262408272181454231e+04
2.263509006004002731e+04
2.264609739826551231e+04
2.265710473649099367e+04
2.266811207471647504e+04
2.267911941294196004e+04
2.269012675116744504e+04
2.270113408939293004e+04
2.271214142761841140e+04
2.272314876584389640e+04
2.273415610406937776e+04
2.274516344229486276e+04
2.275617078052034776e+04
2.276717811874583276e+04
2.277818545697131412e+04
2.278919279519679549e+04
2.280020013342228049e+04
2.281120747164776549e+04
2.282221480987325049e+04
2.283322214809873185e+04
2.284422948632421321e+04
2.285523682454969821e+04
2.286624416277518321e+04
2.287725150100066821e+04
2.288825883922615321e+04
2.289926617745163458e+04
2.291027351567711594e+04
2.292128085390260094e+04
2.293228819212808594e+04
2.294329553035357094e+04
2.295430286857905230e+04
2.296531020680453366e+04
2.297631754503001866e+04
2.298732488325550366e+04
2.299833222148098866e+04
