2.756691292946620853e-01
2.835629134766710080e-01
2.840578720091758158e-01
2.838890634852807016e-01
2.859113857560944827e-01
2.884671101983886654e-01
2.915784302566107322e-01
2.976633239333262848e-01
2.989848728647544474e-01
3.015263889480556125e-01
3.070825303741807621e-01
3.100389799200979346e-01
3.140477784795167038e-01
3.172796817815748405e-01
3.177138060975816525e-01
3.203603676035836068e-01
3.202198728730788480e-01
3.209995151896218313e-01
3.221412573104555088e-01
3.203851602732437076e-01
3.228558742422511507e-01
3.223407666076351652e-01
3.231301706941423491e-01
3.221968675147970362e-01
3.249972173670785391e-01
3.264217161820294755e-01
3.258886362852773111e-01
3.256984186256727809e-01
3.278863798417745445e-01
3.289934690103538673e-01
3.274995174495483607e-01
3.301517207564318990e-01
3.285196378156216568e-01
3.289753384046106288e-01
3.272087021887894465e-01
3.281485717530118196e-01
3.287066617610127639e-01
3.288184236925225656e-01
3.344845742709489644e-01
3.346719716116364762e-01
3.289999969016616510e-01
3.299029185037668510e-01
3.285836292006399928e-01
3.303882259886855577e-01
3.307343658992334956e-01
3.263630088533257534e-01
3.281426427378572597e-01
3.243507587814836168e-01
3.259477846897821385e-01
3.237460911726537383e-01
3.223059123738036269e-01
3.209837585376328351e-01
3.160171531643931608e-01
3.104031743792868281e-01
3.097510274175427902e-01
3.063035672661202358e-01
3.007876635244465247e-01
3.004995360015061956e-01
2.991556323208839907e-01
2.996636770886406675e-01
2.996607106536507414e-01
3.000716505901676046e-01
3.037769016589511040e-01
3.069375642095874546e-01
3.129273115998155164e-01
3.204581074683089947e-01
3.254534830982155902e-01
3.308967053970477412e-01
3.353115049170507511e-01
3.366564817141807220e-01
3.369939199321881906e-01
3.350299248797771190e-01
3.318287569317603380e-01
3.256704511917945521e-01
3.184779699456392610e-01
3.076610837945262800e-01
2.967955173531770519e-01
2.851576834372723246e-01
2.734512180259109360e-01
2.603377255132927059e-01
2.480048892603889110e-01
2.394446625118310246e-01
2.355974647884861717e-01
2.275778972552385815e-01
2.218821046288927124e-01
2.196139217405640442e-01
2.157209560449331875e-01
2.174167660214253728e-01
2.164367581453714995e-01
2.163726226215285375e-01
2.161488449088022623e-01
2.104123835598600278e-01
2.081011296125366561e-01
2.032295422375181293e-01
2.017115591857268908e-01
1.942466389511867120e-01
1.930848088386722394e-01
1.892031092575902074e-01
1.875611835494108703e-01
1.850167264176570125e-01
1.831443415262511698e-01
1.788311031538066254e-01
1.766551549110295660e-01
1.716067338849006918e-01
1.694562380738131591e-01
1.656452560345731684e-01
1.630296170922972410e-01
1.592145844902710383e-01
1.599892627823925884e-01
1.600508904346069905e-01
1.581180601250369300e-01
1.583558573647858014e-01
1.564316050176282336e-01
1.559533097205923757e-01
1.534126741585538911e-01
1.534169427984267975e-01
1.526700447358468049e-01
1.519563714826709933e-01
1.528825753634156237e-01
1.524496570398346795e-01
1.541295563339443175e-01
1.560170771020562286e-01
1.603048126493115400e-01
1.633067285865028306e-01
1.663997102543062767e-01
1.702552074634487989e-01
1.753722228161922747e-01
1.795640864391213620e-01
1.814446099749676411e-01
1.831213358182748885e-01
1.862148418008934547e-01
1.876465641802718409e-01
1.907341730338630859e-01
1.928518724608310475e-01
1.977253974625268751e-01
1.999224251979831446e-01
2.073127300409766116e-01
2.116303874860219203e-01
2.164590817063001826e-01
2.211666727555903766e-01
2.263722784572428648e-01
2.311949056598116836e-01
2.378440134500566516e-01
2.425380403846522648e-01
2.462542537202385418e-01
2.500211400468107525e-01
2.512830693643132163e-01
2.524100821470533496e-01
2.503848223652872518e-01
2.483914141349708449e-01
2.449909358157146277e-01
2.366948262965922756e-01
2.317814336354047378e-01
2.244735141110915932e-01
2.195673278779944892e-01
2.123265591416631237e-01
1.995123168490567367e-01
1.896849214835119035e-01
1.816986253896168413e-01
1.718710251649008258e-01
1.628589128762462090e-01
1.573805800041344349e-01
1.526412321180498355e-01
1.459989113015535966e-01
1.421371490497039813e-01
1.367343180773278044e-01
1.340178357697535960e-01
1.308127130422354067e-01
1.294087781484771771e-01
1.277669693050609012e-01
1.277232707279712109e-01
1.294529888728944977e-01
1.306410948519497184e-01
1.332830318199468289e-01
1.343929816806900268e-01
1.366404107832534798e-01
1.372968731590823444e-01
1.390034130393594525e-01
1.390170068086141464e-01
1.390563184228068294e-01
1.411951399751329994e-01
1.402038101288133887e-01
1.395335790462725878e-01
1.388821292198307578e-01
1.399119145549156951e-01
1.398200196450346822e-01
1.383445027142780892e-01
1.382028734010966320e-01
1.381005011252444126e-01
1.340276762165407143e-01
1.296227106646234972e-01
1.308033115348905262e-01
1.299203250959852785e-01
1.281969386369291308e-01
1.286769943009527239e-01
1.256404009425389767e-01
1.244731550326200475e-01
1.275167648734215342e-01
1.250745485345933217e-01
1.249191815128798261e-01
1.254521372800220802e-01
1.221616347881673004e-01
1.202353878540023263e-01
1.225631605030622628e-01
1.223064403947585199e-01
1.244586863618318412e-01
1.226742464564197360e-01
1.248198970947033970e-01
1.255669676380001265e-01
1.283192513912203292e-01
1.311287892489538531e-01
1.323403042118565798e-01
1.333388261356570070e-01
1.387298135721447001e-01
1.411656258532976160e-01
1.474257816717119141e-01
1.472871637649954268e-01
1.498316052742831583e-01
1.532781879452201346e-01
1.577756552603476470e-01
1.627328241533578801e-01
1.628968591192863635e-01
1.682637874593526650e-01
1.692465119875230795e-01
1.734501135028365393e-01
1.801703813854406144e-01
1.831370741092276655e-01
1.884716396404698679e-01
1.930781430241621244e-01
1.985412709140936260e-01
2.023194969266043086e-01
2.049586153882475559e-01
2.085937711200478439e-01
2.081385089509478759e-01
2.080162601652842391e-01
2.083622500253541066e-01
2.073259417616684919e-01
2.063850016438777968e-01
2.047437643511084149e-01
2.028434825892997395e-01
2.020652686166894696e-01
1.998715718921145190e-01
1.948697108564857172e-01
1.931661882421095711e-01
1.901573229798624864e-01
1.867040262629577341e-01
1.834726768006141873e-01
1.809868983851404822e-01
1.775862910363892599e-01
1.747545227915693056e-01
1.716781716590975726e-01
1.680195092249533451e-01
1.643065779820862549e-01
1.615195846412239289e-01
1.594091679961958108e-01
1.567751468911663948e-01
1.540278113522726422e-01
1.532453844656140318e-01
1.501967287548602037e-01
1.489855976576610896e-01
1.472787915961702998e-01
1.462093052998487130e-01
1.445052322785463084e-01
1.451109387722235577e-01
1.441940336896471997e-01
1.437842039589107557e-01
1.439245983328197032e-01
1.423999676436774331e-01
1.414483480323048548e-01
1.409826728701961129e-01
1.395329897027293986e-01
1.393896638214035255e-01
1.397656458985835071e-01
1.376295840076865451e-01
1.310638110402050083e-01
1.222868402322380699e-01
1.162304554170058568e-01
1.103744141476084711e-01
1.074414144325918780e-01
1.044220158181874136e-01
1.026220075437425661e-01
1.012476143022675718e-01
9.976928312989247205e-02
9.825168747700040173e-02
9.638529949709032096e-02
9.584200504735299053e-02
9.615558665313922448e-02
9.530525448253603094e-02
9.853714807640100160e-02
1.003986347973388343e-01
1.053199338696447912e-01
1.113669447832773274e-01
1.167947336072543973e-01
1.208873883380823799e-01
1.245189616904722463e-01
1.262916620572978044e-01
1.297987281456536857e-01
1.323624008034986477e-01
1.351808694466800909e-01
1.404138219431122214e-01
1.460650209037650249e-01
1.525743091555147035e-01
1.573181200793491441e-01
1.643470126949343746e-01
1.715587083381826528e-01
1.777147835096109796e-01
1.861221908885273002e-01
1.923825508046201616e-01
1.981970508577780288e-01
2.052462057431509723e-01
2.125599767512131033e-01
2.179518228864909257e-01
2.228084493416583600e-01
2.294386029598622645e-01
2.324444336346621898e-01
2.373286156435998051e-01
2.415089630927478026e-01
2.461207219450232409e-01
2.467172065174479123e-01
2.470173544746703254e-01
2.486215047619995955e-01
2.467735817147654886e-01
2.461948544502358394e-01
2.443339237552212273e-01
2.391973859214706344e-01
2.353269558328163480e-01
2.285864629663130476e-01
2.237070966294325003e-01
2.205096858997393217e-01
2.164331444377758928e-01
2.148235463113963017e-01
2.091700767488253732e-01
2.068378499640619872e-01
2.010663680213023163e-01
1.972580533198636243e-01
1.936959964880949070e-01
1.912787903795535593e-01
1.906142859506888554e-01
1.886010560349344611e-01
1.895033076027179131e-01
1.874403195777551434e-01
1.891659740602331941e-01
1.907856859722355247e-01
1.909603546037799138e-01
1.898969481985999797e-01
1.922678212338330972e-01
1.929321832039876117e-01
1.948373199265676647e-01
1.963890338946372438e-01
1.951218330459169870e-01
1.974924918914058303e-01
2.003502792465476634e-01
2.004346199172517551e-01
2.017869107235092940e-01
2.012773305066647145e-01
2.005689317772890168e-01
1.980075628665697585e-01
1.988978956253709685e-01
1.969464615364800719e-01
1.925597420005527305e-01
1.895352605712637140e-01
1.859485552599210723e-01
1.804235379775314396e-01
1.753839285840147755e-01
1.760576908953436492e-01
1.666553393614491341e-01
1.618267747835992754e-01
1.591017006122041055e-01
1.559313203029299710e-01
1.489085503158057711e-01
1.456814236428100040e-01
1.382964034372658468e-01
1.342346523680231218e-01
1.294131210302792989e-01
1.264810442883328168e-01
1.195282834914963288e-01
1.163301447748446849e-01
1.153201073731057597e-01
1.113042675640220913e-01
1.103252095030190089e-01
1.075737987319127925e-01
1.063609168206429284e-01
1.070419149870491526e-01
1.065982074554210346e-01
1.054334485741906663e-01
1.055719803381481720e-01
1.065842902879926418e-01
1.071508053787924991e-01
1.077479069574189402e-01
1.096385371681136423e-01
1.098071930910014260e-01
1.111869616503686486e-01
1.126241206699151592e-01
1.168799364911859290e-01
1.144679418728119652e-01
1.182890024974954934e-01
1.192903119277135410e-01
1.197544102351605494e-01
1.221467812454482549e-01
1.245532855969367775e-01
1.244531064561469752e-01
1.273475627313555847e-01
1.281978589025418169e-01
1.303485526885442003e-01
1.329342421396042806e-01
1.339636095443511588e-01
1.343792186197544369e-01
1.367543287169563360e-01
1.359329437406294472e-01
1.385338276952201852e-01
1.404385692312785094e-01
1.411665248569764497e-01
1.402226810441158655e-01
1.393435845086352376e-01
1.404508061255801687e-01
1.428908037635476524e-01
1.424284724711289141e-01
1.429374263725847194e-01
1.448225041259849633e-01
1.448126862663884629e-01
1.449921677114624496e-01
1.480588789686188012e-01
1.498925939685758768e-01
1.505318402505013975e-01
1.523259346607068743e-01
1.509032262919218492e-01
1.497039027892779761e-01
1.491407868877350495e-01
1.507460995044664076e-01
1.482532649602436303e-01
1.479544076147782661e-01
1.460204730592654931e-01
1.460199913066230482e-01
1.467881395539558376e-01
1.459708136360499120e-01
1.481841482770693552e-01
1.471149198421543014e-01
1.480061764272174452e-01
1.475219161381156330e-01
1.464779537260723352e-01
1.471635148601649901e-01
1.457715577161274589e-01
1.463149628042404171e-01
1.442327174239195764e-01
1.437016795604848240e-01
1.428944219351758194e-01
1.429491547802849982e-01
1.434662295171355850e-01
1.422026787641379464e-01
1.414969241802004618e-01
1.402999406764104118e-01
1.398842926074707060e-01
1.384412093495559493e-01
1.377106899945815810e-01
1.366471892505302932e-01
1.362103426337843148e-01
1.349114792320090794e-01
1.332043048917202765e-01
1.325159240769238633e-01
1.311695713981912426e-01
1.305142295576246780e-01
1.288516593478892802e-01
1.270595238626624490e-01
1.269609255163686168e-01
1.271281004939997517e-01
1.260415178865332275e-01
1.262484393065770316e-01
1.262713204722781535e-01
1.239929394545478680e-01
1.235276083956006327e-01
1.232260430831469411e-01
1.227865509896333973e-01
1.226755296072417067e-01
1.207688352496308071e-01
1.222780154870445196e-01
1.201578013926822563e-01
1.209848393494036972e-01
1.204009930036624432e-01
1.201885435503280974e-01
1.170314258924707029e-01
1.157144065876252598e-01
1.151757160122844209e-01
1.153979582246365265e-01
1.140637583962445523e-01
1.119419790632545930e-01
1.105853442508103468e-01
1.076152455385007145e-01
1.063696193144068047e-01
1.067835527757585029e-01
1.050486316832990596e-01
1.036299973262900104e-01
1.030351544838148670e-01
9.954073186097846249e-02
9.871014440451103544e-02
9.696489542076339174e-02
9.431141561904157755e-02
9.309126042733695261e-02
9.338680847352168191e-02
9.157192732741729901e-02
9.159487991360293346e-02
9.137120781190287422e-02
9.127062454763902599e-02
9.019007203613081669e-02
8.861742068350433876e-02
8.691471477365769749e-02
8.836996668699466373e-02
8.835977238540046463e-02
8.828818185632902882e-02
8.766340623740472016e-02
8.747578511215740871e-02
8.660649930666611263e-02
8.687975979719252118e-02
8.572663746773721838e-02
8.494732396661811014e-02
8.401084337796839441e-02
8.438251529744593415e-02
8.368676142134900964e-02
8.400745104940980645e-02
8.399051569363291669e-02
8.340354858610123101e-02
8.251910625334424321e-02
8.364693933212399846e-02
8.196889327280941495e-02
8.138254750535266202e-02
8.054993073762452271e-02
7.947975506566197501e-02
7.793487680460907396e-02
7.633742013790589809e-02
7.636566515671489030e-02
7.572265844310717420e-02
7.552479745812569478e-02
7.391170695477065899e-02
7.429726796909606745e-02
7.410262595921296436e-02
7.411040061401853729e-02
7.410608833551685093e-02
7.359815490570330299e-02
7.248095605506693628e-02
7.091652249788697737e-02
7.040238734334622328e-02
6.786225857128794225e-02
6.731978233805119283e-02
6.634179272481895151e-02
6.700417125676472185e-02
6.575897389411686222e-02
6.577379991955360772e-02
6.580447485092995319e-02
6.558985749453308256e-02
6.652732302470885928e-02
6.627459665236373754e-02
6.741389544341841455e-02
6.785333668352692971e-02
6.911212134692885922e-02
6.920243121264607611e-02
6.957021575094290977e-02
6.971729821852645781e-02
7.117302646471317107e-02
7.138215107770787271e-02
6.993991222557402465e-02
7.029261897537572579e-02
7.077049100796663217e-02
7.081705188504061610e-02
6.997469670077111070e-02
6.980894452593711108e-02
6.901256248377078684e-02
6.999443965233699549e-02
7.008672292878999344e-02
6.838902636920143885e-02
6.738927058413404780e-02
6.803005539863730966e-02
6.787624391572376348e-02
6.910758785523614389e-02
6.998642778885981464e-02
7.036124903374470219e-02
7.207916706796317630e-02
7.296130902447715838e-02
7.524449317806265747e-02
7.625068701670578708e-02
7.679688829350199419e-02
7.826822339092244507e-02
7.932825244836544387e-02
7.816303800047165462e-02
7.910521287618897668e-02
7.971452476483301131e-02
7.777378580332924840e-02
7.871602048295499310e-02
7.856812178253323731e-02
7.691609855918377092e-02
7.620135637558109187e-02
7.473388863068108900e-02
7.372814012572573295e-02
7.367051499163802808e-02
7.390949811115868351e-02
7.414456128617274988e-02
7.616903279130148030e-02
7.648143048436432945e-02
7.598121221282901072e-02
7.692860992470802739e-02
7.673301699937321030e-02
7.664736502474112090e-02
7.695633898159781605e-02
7.682279985342389816e-02
7.559189607389846244e-02
7.746437982960201196e-02
7.689378969297507027e-02
7.769647313052260862e-02
7.769165480056057504e-02
7.733528270217349121e-02
7.717564866395197620e-02
7.730142801720321644e-02
7.708414568775175113e-02
7.764723490243199966e-02
7.827542190850295123e-02
8.019772402646706266e-02
8.183796775606604068e-02
8.042343229216299128e-02
8.072951039726122824e-02
8.015120335087090597e-02
7.934192687387502108e-02
7.920291998559569890e-02
7.884314700577606250e-02
7.995021505297351949e-02
8.115776144639172407e-02
8.146450587335164750e-02
8.204310472233829199e-02
8.385089897393974145e-02
8.387283551382598845e-02
8.443619034435960458e-02
8.398034255410651017e-02
8.411225721034615299e-02
8.592259449337864841e-02
8.491519536053650230e-02
8.453665658884010337e-02
8.715962937139590250e-02
8.506037414274196518e-02
8.749947306494022803e-02
8.874289890274386639e-02
8.930971312972026122e-02
8.920232850939310842e-02
8.903762365017163505e-02
8.848974393964512131e-02
8.755072915052297677e-02
8.675800636453559478e-02
8.664417372461596933e-02
8.608653264698394592e-02
8.625773954856570669e-02
8.625554247297780031e-02
8.611708652987727641e-02
8.531843585246416672e-02
8.416770834365452925e-02
8.419150196224695071e-02
8.446420948562159692e-02
8.305042792262702644e-02
8.396757982078474625e-02
8.467255902363560183e-02
8.506816182406842786e-02
8.245125241984292697e-02
8.338513697627480958e-02
8.241520936214849491e-02
8.230265070764673785e-02
8.221444462804816666e-02
8.244965180461992504e-02
8.004887972828550469e-02
7.874262144924802642e-02
7.825115863939274830e-02
7.977039123468701587e-02
8.148856985748241522e-02
8.312072730658329189e-02
8.443097715188718766e-02
8.630076026634959929e-02
8.482613954363898978e-02
8.442428433715402913e-02
8.391539579147620775e-02
8.147781111792465336e-02
8.039308179898070617e-02
7.940137300464858439e-02
7.916861193056458357e-02
8.027270864512331405e-02
8.090881603989763526e-02
8.094609710483921527e-02
8.008452398915842652e-02
7.919816052832011344e-02
8.012298122549406376e-02
7.904206365742212637e-02
7.826783030644687833e-02
7.753915746229342321e-02
7.802084894747327026e-02
7.995184176692755884e-02
7.938220693196557098e-02
7.942521765071502982e-02
8.119259537433470841e-02
8.158871035620345047e-02
8.155610572430495309e-02
8.140457254200023085e-02
8.204642275010415320e-02
8.203549437660460908e-02
8.095283137632681980e-02
8.247388994492399483e-02
8.206290666340841644e-02
8.322272080393146310e-02
8.439637363115649882e-02
8.447285810164756326e-02
8.594794973110773950e-02
8.523650713847107097e-02
8.582689077508236231e-02
8.615892277167479241e-02
8.531249517800812421e-02
8.682438475312123649e-02
8.576906540559880998e-02
8.665520240368247695e-02
8.780493824778676237e-02
8.888500401965707121e-02
9.011410900447382188e-02
9.139788305687651659e-02
9.144679660958389411e-02
9.156683057781095370e-02
9.114827919514152665e-02
9.193542122670440853e-02
9.192616539674146325e-02
9.223801990911750792e-02
9.249637653285563976e-02
9.257622539548612806e-02
9.292049244998372426e-02
9.284109363380124713e-02
9.304926995259113487e-02
9.236161739508229329e-02
9.156524165793718251e-02
9.166782868164709275e-02
9.104760274539624998e-02
9.056207320912039449e-02
8.916133766436871999e-02
8.764435353301991416e-02
8.700926779781076315e-02
8.653113358361014251e-02
8.537637565204991841e-02
8.554561135061961030e-02
8.541379895095614627e-02
8.520012193267935408e-02
8.489706421560491711e-02
8.423717607913888683e-02
8.301017669485319384e-02
8.270557218102631003e-02
8.088370968981710429e-02
8.057600287629730629e-02
7.925811401856701355e-02
7.892395705706183040e-02
7.931723191283834851e-02
8.014226654391257143e-02
8.076410458314758900e-02
8.211991978774231538e-02
8.321363568916656517e-02
8.406022313065922291e-02
8.501514061692047597e-02
8.567289649050865985e-02
8.565745436759646114e-02
8.585145937817934003e-02
8.625621110149309101e-02
8.632073735906727052e-02
8.723502928227525044e-02
8.747772545657406251e-02
8.879184402905902773e-02
8.907712055400823781e-02
8.933470561651070396e-02
8.987288557837365410e-02
9.051318361871878160e-02
9.059214817649460794e-02
9.066405142166190922e-02
9.016255647975369991e-02
8.959665251376923434e-02
8.903442162046988628e-02
8.851069926256754927e-02
8.832063804453310629e-02
8.787245031062770884e-02
8.851858928863086395e-02
8.810190846425672295e-02
8.848966104690687839e-02
8.874258693721398528e-02
8.936633148159509044e-02
9.001917387443160445e-02
9.043465234136338626e-02
9.132520945752693742e-02
9.077394703604492465e-02
9.089652222190369724e-02
9.068795644995462923e-02
9.065462333583540477e-02
9.023162067874851422e-02
9.015719297864709103e-02
9.008899715224129301e-02
8.888739617194285625e-02
8.818912196264330761e-02
8.799176350887090436e-02
8.810841888653601905e-02
8.779773441029999070e-02
8.756886817575582072e-02
8.777907332915732552e-02
8.780883018424152919e-02
8.888624135797310033e-02
8.959434567668611571e-02
9.123020773937044747e-02
9.204998881650772180e-02
9.321944093760463346e-02
9.393987182746496578e-02
9.419048978900662616e-02
9.494077275631342128e-02
9.524096913003048115e-02
9.481185919459163280e-02
9.447976470150158679e-02
9.513343157589929100e-02
9.572615865599140572e-02
9.626428588700047806e-02
9.739894525044268114e-02
9.827013636074691250e-02
9.886278209434504194e-02
9.868465829879928541e-02
1.014996233360475342e-01
1.010738156643603280e-01
1.013023990404309516e-01
1.019429903745300847e-01
1.008037652724986938e-01
1.017304928776436856e-01
1.031598757606673050e-01
1.033258866701576711e-01
1.053737081944149390e-01
1.078169634045735709e-01
1.091744898488586218e-01
1.098827132978784371e-01
1.118585132554674039e-01
1.125274673114347312e-01
1.135133969141432081e-01
1.132177437958666738e-01
1.115455538853308420e-01
1.107123269833855533e-01
1.108996866045475899e-01
1.109259037982782831e-01
1.111311650643975329e-01
1.129866128313340573e-01
1.129287241184805390e-01
1.141194141002137008e-01
1.149667329435767743e-01
1.152597439647451427e-01
1.148089461969337699e-01
1.150771728142743200e-01
1.163206162184290682e-01
1.172123528652575242e-01
1.175319547107299273e-01
1.186686442903340799e-01
1.192549638933991241e-01
1.184373967281509149e-01
1.189007855710572797e-01
1.185811261861081517e-01
1.176316293273925173e-01
1.183552568501086838e-01
1.181159584494621412e-01
1.184872023655555856e-01
1.211344129505927125e-01
1.219284497336132339e-01
1.219754882977954896e-01
1.222547010783781585e-01
1.214449145468418367e-01
1.184793865320583339e-01
1.179131957534620551e-01
1.169030950738797064e-01
1.160288470936350902e-01
1.151357189863279618e-01
1.144094163586768659e-01
1.149435367772593530e-01
1.146724049238507098e-01
1.154318943683445703e-01
1.160187416585913706e-01
1.160030647666754344e-01
1.169042772198421037e-01
1.149510365209951285e-01
1.128862004648071016e-01
1.125154062595297294e-01
1.089192746051907273e-01
1.094292264185312558e-01
1.090144550359221642e-01
1.089729216410638551e-01
1.106268238062246695e-01
1.107586665856996333e-01
1.111184493975453935e-01
1.092494292462922317e-01
1.093011482257494477e-01
1.085605052648232066e-01
1.059343552244316616e-01
1.055314832716506557e-01
1.061907579730702600e-01
1.031690201273876978e-01
1.038208382365425619e-01
1.016455493227227669e-01
1.006757535952509802e-01
1.005778990636868736e-01
1.011251845248491849e-01
1.017627461743296630e-01
1.016706026132414009e-01
1.020574804214235687e-01
1.039046481167239522e-01
1.028071873121138569e-01
1.034029823725639424e-01
1.017841009023152388e-01
1.004139537040415753e-01
1.006627775625675431e-01
9.854345053061493165e-02
9.640674740580995605e-02
9.584710328334507257e-02
9.499230399664970736e-02
9.457174213588459555e-02
9.509897739004326278e-02
9.465752731454664393e-02
9.583018784448378569e-02
9.839134032673563235e-02
1.012509593172652572e-01
1.031377969994766441e-01
1.040983030368068524e-01
1.032937137613196693e-01
1.040165525050580630e-01
1.011762511877188492e-01
9.949955008562588743e-02
9.845322156522245960e-02
9.603229624583359270e-02
9.451142032943948834e-02
9.484048777287897025e-02
9.219908304587641490e-02
9.008413976651914734e-02
9.141187391196206602e-02
9.201778523922438113e-02
9.186058660457013803e-02
9.219975573313141104e-02
9.321783288531478029e-02
9.424547570413763231e-02
9.373264542237623453e-02
9.501112171000486439e-02
9.444395599864456592e-02
9.567520884815831905e-02
9.400401576022551775e-02
9.181967847459789056e-02
9.142525308945199936e-02
9.134266533266316435e-02
8.972432729503698745e-02
8.915585619909453807e-02
8.764467379477330899e-02
8.608179005798392847e-02
8.545058960187000563e-02
8.492374241905321919e-02
8.631252924930178649e-02
8.690843575952414413e-02
8.848303493293173394e-02
8.809663052594607358e-02
9.113134073554744752e-02
9.078916157824185040e-02
9.451374658107622451e-02
9.542545961310254510e-02
9.555216543847927513e-02
9.458034567336442988e-02
9.504862918717459086e-02
9.415368630683587647e-02
9.348708704210050013e-02
9.193961573156604616e-02
9.366159085183577149e-02
9.469140213150194219e-02
9.805183714618254109e-02
1.002185774730388335e-01
1.038653870322105849e-01
1.054480272048616551e-01
1.067710497976711581e-01
1.091141748978297910e-01
1.093064879524288935e-01
1.099238093630550833e-01
1.113346156858266572e-01
1.120490165233693630e-01
1.136204749522239238e-01
1.138854548841897740e-01
1.147705000808561387e-01
1.160549414259986895e-01
1.152969999047689376e-01
1.149680602346396380e-01
1.147739549580968077e-01
1.113650459073753651e-01
1.090997489993217745e-01
1.066869351021331735e-01
1.045412151458832706e-01
1.018515853796491122e-01
1.006158814622831188e-01
1.015846095474987748e-01
1.029478468579093087e-01
1.047185538775864816e-01
1.058754130232207741e-01
1.072426782177486465e-01
1.087417854944666834e-01
1.099038096581919782e-01
1.103555138729667012e-01
1.091761033712753404e-01
1.076033939733941208e-01
1.066301987390094880e-01
1.051703340736411252e-01
1.037218497592381633e-01
1.013152890698936076e-01
9.895550277457568211e-02
9.844457021008531927e-02
9.840423942534795576e-02
9.862896966168445412e-02
1.000383588720461098e-01
1.017285325737761759e-01
1.047060530203293982e-01
1.065776951209631146e-01
1.080510666090784416e-01
1.091235614019833988e-01
1.095708290563122689e-01
1.099206770548333267e-01
1.077438800521472312e-01
1.043824591816046865e-01
1.022221258488282825e-01
1.008033243573188825e-01
9.772264328221008656e-02
9.628686860482364718e-02
9.671469462180334875e-02
9.526845268477403261e-02
9.483221153871432274e-02
9.507144681584243917e-02
9.645259748760719176e-02
9.711396993913398723e-02
9.951291470796788663e-02
1.005728413711414054e-01
1.000996088992256172e-01
9.934325525423917669e-02
1.001649453619939401e-01
9.983920386913011646e-02
9.773811399882233186e-02
9.636079520611345872e-02
9.589433568593232204e-02
9.505327374220574888e-02
9.581642820229512025e-02
9.469687198085618984e-02
9.359066842418609089e-02
9.343354256624873677e-02
9.396809417011023347e-02
9.383255933564070561e-02
9.556111955480442455e-02
9.511554756698625823e-02
9.385660509926790906e-02
9.313666096236489222e-02
9.127663004753078235e-02
9.033122945713596696e-02
8.942204157220183525e-02
8.764048747826549968e-02
8.908221021572523823e-02
8.802096201134106124e-02
8.752392084512605752e-02
8.769043482704952375e-02
8.848904146292052575e-02
8.979725718933674605e-02
9.145176080296670007e-02
9.329995196173518357e-02
9.523705043609768939e-02
9.718819524354746497e-02
9.908081721781804296e-02
1.008599990094497661e-01
1.025035516747279107e-01
1.040103543255707641e-01
1.053792349192853861e-01
1.065981583792855042e-01
1.076614934706412036e-01
1.085431233522157618e-01
1.092065600220999688e-01
1.096574014513674450e-01
1.099221170881543030e-01
1.100163261962580352e-01
1.099242218168204055e-01
1.095824606436626159e-01
1.088989474220192627e-01
1.078044076435078907e-01
1.062963827522618310e-01
1.045113429123448456e-01
1.026186661134064343e-01
1.007837174533775665e-01
9.910438066349941399e-02
9.760942829431890067e-02
9.624074291497070055e-02
9.490517752804722429e-02
9.348460251803250576e-02
9.189323811931604524e-02
9.009419827063651354e-02
8.811459349677823460e-02
8.605500663094861613e-02
8.405101416370629186e-02
8.221385706478051558e-02
8.061419096498242953e-02
7.927434110243013199e-02
7.812896335103040879e-02
7.708796477169674310e-02
7.608621440553889337e-02
7.511762506994711097e-02
7.416445075872679649e-02
7.321918088402536162e-02
7.228680445763145668e-02
7.138902165699459457e-02
7.057950233237333948e-02
6.991712078643828876e-02
6.943297412962660953e-02
6.912781750043499318e-02
6.897331540169636399e-02
6.890625196051099188e-02
6.883746241480603878e-02
6.874716532386047907e-02
6.866818021165650709e-02
6.858655724453660563e-02
6.851105023592821142e-02
6.846299165569708078e-02
6.846113609632510644e-02
6.854777621573897306e-02
6.875427240942744156e-02
6.909589202481103420e-02
6.956791688654224981e-02
7.015369885638780834e-02
7.080302488246782711e-02
7.144682641504361553e-02
7.204729492167941118e-02
7.259563365387801392e-02
7.307114798032313119e-02
7.346623767429572016e-02
7.379145238362518067e-02
7.407115355444443550e-02
7.433442122998065726e-02
7.460671396287081591e-02
7.490865297790282040e-02
7.526244676171281456e-02
7.567190535198853318e-02
7.611929435068325034e-02
7.655545698811132282e-02
7.693512748892990250e-02
7.722053185761235117e-02
7.736444500608539998e-02
7.732390892311591379e-02
7.709317354326467031e-02
7.669623182941782968e-02
7.620131418990393202e-02
7.566557217543157243e-02
7.512686832184156671e-02
7.459147312998121171e-02
7.403553133371791606e-02
7.344046192766987002e-02
7.277684514884986966e-02
7.201697027431620823e-02
7.118234794789345121e-02
7.031854455869472609e-02
6.947399264799403173e-02
6.867447474360142967e-02
6.790777197306206714e-02
6.715361193807169171e-02
6.640763682954288483e-02
6.566039606235128667e-02
6.490813103437111098e-02
6.416089448823261709e-02
6.341085373519710078e-02
6.263981701677863445e-02
6.183362335405476889e-02
6.097584956177338339e-02
6.008503542557639548e-02
5.917891617258035086e-02
5.824996432444582567e-02
5.727478934276694633e-02
5.629894309891576853e-02
5.534809917998483042e-02
5.444667448139847016e-02
5.360274410420523550e-02
5.286765414916869826e-02
5.223252303196184582e-02
5.166733982169084000e-02
5.117217385831877158e-02
5.076203176774427700e-02
5.044958569311164265e-02
5.023761679087781346e-02
5.008446513415203138e-02
4.996274579115195930e-02
4.987361184592247615e-02
4.978735192695427775e-02
4.968062861202673930e-02
4.952986988442922844e-02
4.933079285169474776e-02
4.911693462110996999e-02
4.891549411209632908e-02
4.870374878147933767e-02
4.844506306853256505e-02
4.814165715635711218e-02
4.786579536979154725e-02
4.773019636713781572e-02
4.780055580777236440e-02
4.796438158702179960e-02
4.811187164765420160e-02
4.814598995594425446e-02
4.804283571464777747e-02
4.789266662422458215e-02
4.780820970893697591e-02
4.781393796729019319e-02
4.786877068799932217e-02
4.788649446632937262e-02
4.779000848467768181e-02
4.758638937809780978e-02
4.736523301896383709e-02
4.715816940012389907e-02
4.691008805163719708e-02
4.660637431351315890e-02
4.625349794160727585e-02
4.587239347755210639e-02
4.544717524191684704e-02
4.495950185578043851e-02
4.442892395020031637e-02
4.390996312984341010e-02
4.344529846474790014e-02
4.305164915332990866e-02
4.269769352041977162e-02
4.233839378905916717e-02
4.192199793741105407e-02
4.142777516530380538e-02
4.089351743955180196e-02
4.040341136206374029e-02
3.999676427686568031e-02
3.965465045060673904e-02
3.936618920082525508e-02
3.914015655438367325e-02
3.896024935184869836e-02
3.878158917915749959e-02
3.853896070173178090e-02
3.818976792422124067e-02
3.774519178860958474e-02
3.722700492148635354e-02
3.661702643984115352e-02
3.588774013848270578e-02
3.505035244868196648e-02
3.413757635109801458e-02
3.321192878482513711e-02
3.229451634329117554e-02
3.142189402023016359e-02
3.058832576616185572e-02
2.982153631172086358e-02
2.918184877636110716e-02
2.867619313250554039e-02
2.831973238605367885e-02
2.813200665731908565e-02
2.806070915417455472e-02
2.809701597942656018e-02
2.828697041510296398e-02
2.861491367034818198e-02
2.909951776068862850e-02
2.974242376365517429e-02
3.050353627255629127e-02
3.132765875725519733e-02
3.213303571111615631e-02
3.282668890527909444e-02
3.340447728299976438e-02
3.392818695968522619e-02
3.444619105553774902e-02
3.498514404066064426e-02
3.558467960905611904e-02
3.620594838844951036e-02
3.677993167349014048e-02
3.724462521250775787e-02
3.757817539548482383e-02
3.779865478902008635e-02
3.796573903395037558e-02
3.808075964213299830e-02
3.810885517006874779e-02
3.802561736346040527e-02
3.786700250202373885e-02
3.761776326569819112e-02
3.723979463828342579e-02
3.674445340325156739e-02
3.616450340968092869e-02
3.558752926440255510e-02
3.509088372661781779e-02
3.470025471061801564e-02
3.442054606048580018e-02
3.430720742314767591e-02
3.433065915436415289e-02
3.434241112444139099e-02
3.430530193988261256e-02
3.424550688124704256e-02
3.423595941707149176e-02
3.428531051590336109e-02
3.431298186373323705e-02
3.428946420796292333e-02
3.422842467804955435e-02
3.415063627821444264e-02
3.405012051244115517e-02
3.391072339701636101e-02
3.376775439733762513e-02
3.369679247600823602e-02
3.363300160343563050e-02
3.353332358457032647e-02
3.344641819039918806e-02
3.337366628067047619e-02
3.329148971156217079e-02
3.319390966117009845e-02
3.309536708034191421e-02
3.295985310314778621e-02
3.276596896749307819e-02
3.253333795938333911e-02
3.228638308949619007e-02
3.208318516178303159e-02
3.189091455047773915e-02
3.163770548749720440e-02
3.132166098711852698e-02
3.099379923066892042e-02
3.070796933161378667e-02
3.051375012909090037e-02
3.042159485758369128e-02
3.040110007843380147e-02
3.039024258611785698e-02
3.023806334388288997e-02
2.994521566183023370e-02
2.955144944112098049e-02
2.912926669114525996e-02
2.877067939884204312e-02
2.854399020736312492e-02
2.845207073339546880e-02
2.843859657291268606e-02
2.840801432621385333e-02
2.829974878838866989e-02
2.819640996631370480e-02
2.818198987442150152e-02
2.827205317150849676e-02
2.844243296712048799e-02
2.864111792074628543e-02
2.885238199819966862e-02
2.908372350308475671e-02
2.933699754160021267e-02
2.959946539403124008e-02
2.986377621480498790e-02
3.010840960230999619e-02
3.032997688368866546e-02
3.055849246350311049e-02
3.075265117525266198e-02
3.089743858207453717e-02
3.101611172784081091e-02
3.112721130191931432e-02
3.125430505579300522e-02
3.140417512512851811e-02
3.156494426997678848e-02
3.172925244627328861e-02
3.187801129830655084e-02
3.201972219748806803e-02
3.216702392720109660e-02
3.228291998915094885e-02
3.235025302021660165e-02
3.237888537437039194e-02
3.239472924369914131e-02
3.241363698600983195e-02
3.244606106618366098e-02
3.245570058902071814e-02
3.241748956401258736e-02
3.230658628520293590e-02
3.211201037405121694e-02
3.187734472334274871e-02
3.166914893570236395e-02
3.149062593734667376e-02
3.134571457624080876e-02
3.123838747576686975e-02
3.114862001340705511e-02
3.101312590518152251e-02
3.078715610135887570e-02
3.048223450755939076e-02
3.011893993146499623e-02
2.971950208493369730e-02
2.938640853572701064e-02
2.918693956921060428e-02
2.904935671872276720e-02
2.890965146843815434e-02
2.868031943623493285e-02
2.837023582646840125e-02
2.805340685189440866e-02
2.777503187077172420e-02
2.755363003103099631e-02
2.739079845780395886e-02
2.728432936803874137e-02
2.718094611946142436e-02
2.706919111726752147e-02
2.694470322375658311e-02
2.677369687087849046e-02
2.656384811117472322e-02
2.634132755035675441e-02
2.612524461286189204e-02
2.595876559061199851e-02
2.582582630732913748e-02
2.571227115202669861e-02
2.564196847243951569e-02
2.562048410778473492e-02
2.559900391220889734e-02
2.555870289344958426e-02
2.551504224998695988e-02
2.548672872091684374e-02
2.552018016971395117e-02
2.556344099033857481e-02
2.558168799118778688e-02
2.560425239139949363e-02
2.566217233165885014e-02
2.575737307302129395e-02
2.582151129458897312e-02
2.583251638973457776e-02
2.582837261355493130e-02
2.583620847843785817e-02
2.586947891228952301e-02
2.592170477972471562e-02
2.597819345168310770e-02
2.601525592477394941e-02
2.604422271027058769e-02
2.603648547712590980e-02
2.596770735532989705e-02
2.587054416950933244e-02
2.576768800682063820e-02
2.567998621742563145e-02
2.559544415438242543e-02
2.548474377234716606e-02
2.536679276660818230e-02
2.530064866332761703e-02
2.529608291129020747e-02
2.531795040795966137e-02
2.530160711818706457e-02
2.522352465823258366e-02
2.512300678642710380e-02
2.503723608613324034e-02
2.493553625709768809e-02
2.481488156137422879e-02
2.470413796520245717e-02
2.459653844000322595e-02
2.448127049102030023e-02
2.435256873307710054e-02
2.419112287088743402e-02
2.397733444765482932e-02
2.373976572389815964e-02
2.350827523922673773e-02
2.328239484303602086e-02
2.309038009484777956e-02
2.295244916154284137e-02
2.285055458424362779e-02
2.275206094210706353e-02
2.264061899622584265e-02
2.250184574891739286e-02
2.232297474375966734e-02
2.214258756554163265e-02
2.200117775367235393e-02
2.191866272549789635e-02
2.187309675184118118e-02
2.183165473708059690e-02
2.177101543538311618e-02
2.170668860740647410e-02
2.163810484620776534e-02
2.154210727229087866e-02
2.143187913555388846e-02
2.134229894284614751e-02
2.127094902365962367e-02
2.121015858578095478e-02
2.117140561090391504e-02
2.113136539853577647e-02
2.103552772929150397e-02
2.089479129357611070e-02
2.077665756469684530e-02
2.066813119619452521e-02
2.054937274650412912e-02
2.040198285327220196e-02
2.027371689394970658e-02
2.019106522335436735e-02
2.010547872887231621e-02
1.998102280842754125e-02
1.981580761790940545e-02
1.961125396457081421e-02
1.940820635164583474e-02
1.924574639282634891e-02
1.913443802530469598e-02
1.903162479072989174e-02
1.892100117410624310e-02
1.884423480005614077e-02
1.881605961894809720e-02
1.883781705974791471e-02
1.889140909457983145e-02
1.898508008602484837e-02
1.909031890975727841e-02
1.919024814736719833e-02
1.926965505744779664e-02
1.933965647664462328e-02
1.937985491697933466e-02
1.945611011863671719e-02
1.959855634376649752e-02
1.976813403659117077e-02
1.991798354932712567e-02
2.002299107452334623e-02
2.012854645888574254e-02
2.027246957594611154e-02
2.047790547651262213e-02
2.072416473853902139e-02
2.095834323432239216e-02
2.115298084659336664e-02
2.127672317621094253e-02
2.131892947044384395e-02
2.129720021646738445e-02
2.123273784609358214e-02
2.114397277131829789e-02
2.107436181515847870e-02
2.106228666023302748e-02
2.111343541716215536e-02
2.120374310199566251e-02
2.129719094865872506e-02
2.136051562530538739e-02
2.137712051163350932e-02
2.134343603002673145e-02
2.126178420789980039e-02
2.113778041643948891e-02
2.098206239185059982e-02
2.080668117753114305e-02
2.061631457106799167e-02
2.041422534215768525e-02
2.020293518716059084e-02
1.998153569858869549e-02
1.974648260735538396e-02
1.949661956728620041e-02
1.923567163353559831e-02
1.897848778936882252e-02
1.873758665114952718e-02
1.851415687475858884e-02
1.830031532353099122e-02
1.808609917842149417e-02
1.786201558622626043e-02
1.762658161002898793e-02
1.739403262720838270e-02
1.718266453468226401e-02
1.699506799033864354e-02
1.682854881839588451e-02
1.669032291216089939e-02
1.658447111626901518e-02
1.650503538804348747e-02
1.644250856621912865e-02
1.638401644673058433e-02
1.631393617925224263e-02
1.622071637067413336e-02
1.609660721011160409e-02
1.595550299896279431e-02
1.582383636859009332e-02
1.571199762800393196e-02
1.561852163408458498e-02
1.553199490039490482e-02
1.544431982600664478e-02
1.534908450862590770e-02
1.523335204301938008e-02
1.509524328767617579e-02
1.494298216021345931e-02
1.477290489772010128e-02
1.458426165709282921e-02
1.440070549888233797e-02
1.425011003486246000e-02
1.413906938314561310e-02
1.406669401994803566e-02
1.404613044413442584e-02
1.407900732750234744e-02
1.413395044985435098e-02
1.418140528912406953e-02
1.421978578765445422e-02
1.426028632857143444e-02
1.430612182386449896e-02
1.436063706555691134e-02
1.440388456090143342e-02
1.442225836421084234e-02
1.441445321659140175e-02
1.439264976357352600e-02
1.436123906063535745e-02
1.433278655463542280e-02
1.431867402364248726e-02
1.431742362498449744e-02
1.431086102361566262e-02
1.428924078469759849e-02
1.426227570971639810e-02
1.423866542060869302e-02
1.421110101142909754e-02
1.416899757114450237e-02
1.412479003498458979e-02
1.408980682427095864e-02
1.404958657557178747e-02
1.403597985100979960e-02
1.402869655045251365e-02
1.402036092351006957e-02
1.404471482288390839e-02
1.409592627371225246e-02
1.414311026704644265e-02
1.415544019015367756e-02
1.412490150759376610e-02
1.406982475542709402e-02
1.401460385457176799e-02
1.396426968476708642e-02
1.392065029454391846e-02
1.390071546178623524e-02
1.391580054171540591e-02
1.395102376195016605e-02
1.399378606957529803e-02
1.403764053434617375e-02
1.407415709612989778e-02
1.411590920034752616e-02
1.418782116721034603e-02
1.425651829875054614e-02
1.428045405412085508e-02
1.423386407605315394e-02
1.414443357306183896e-02
1.406467401786122215e-02
1.403777763997632148e-02
1.400324284990054312e-02
1.396252525943546090e-02
1.394451080219286272e-02
1.392763483798341653e-02
1.392412364854430686e-02
1.394166843658148185e-02
1.395841966835941091e-02
1.395186791135846587e-02
1.391722843656578029e-02
1.385520029195680403e-02
1.375892722019528627e-02
1.364497367632863493e-02
1.357480594342770110e-02
1.360698327589677029e-02
1.369362588343484184e-02
1.375089413219018550e-02
1.374685095421621442e-02
1.371262012680409849e-02
1.368854533520871483e-02
1.367315724906530139e-02
1.366485576128443832e-02
1.367893743803526990e-02
1.367592775036704893e-02
1.366249917781230984e-02
1.368649694214510437e-02
1.371307886744803535e-02
1.368099779535599143e-02
1.360378608767064644e-02
1.352034397112721921e-02
1.343733897676924194e-02
1.333645802722124504e-02
1.324089033930567205e-02
1.321149988094998812e-02
1.322885300351110856e-02
1.325384298692212394e-02
1.326541799421816596e-02
1.327772477100488263e-02
1.327821110482792395e-02
1.326580152393204079e-02
1.321248868717692093e-02
1.311652200265503269e-02
1.302584498144075328e-02
1.295956025208750209e-02
1.289341707766763698e-02
1.276775889186484297e-02
1.259191623626796513e-02
1.244884224868135839e-02
1.238972524878720512e-02
1.240179930123162973e-02
1.242555546731008258e-02
1.242171353711379184e-02
1.239772572524457453e-02
1.236225271383383298e-02
1.231165029281852327e-02
1.223668406096328765e-02
1.213788041885120565e-02
1.206319385913709290e-02
1.205888763900864018e-02
1.208459881071168029e-02
1.211331175032345775e-02
1.212462619494923330e-02
1.210656924395067495e-02
1.209601504663855055e-02
1.212937056100841203e-02
1.221221907354013737e-02
1.233417951464501651e-02
1.240584300510822781e-02
1.244272587498706367e-02
1.247483744738045811e-02
1.248966499286273575e-02
1.250569501724164805e-02
1.251348097466037021e-02
1.249272901370821615e-02
1.248594120160128988e-02
1.251818901132907037e-02
1.257908233499887944e-02
1.264070236552249267e-02
1.265580320689643767e-02
1.263091870846863411e-02
1.260068789437175478e-02
1.257666612985771683e-02
1.254849186197156373e-02
1.252802198252178818e-02
1.251117835282607692e-02
1.248056071033250974e-02
1.244122765614718955e-02
1.240397259410180343e-02
1.235180324416923318e-02
1.228551316628995888e-02
1.227006253038366752e-02
1.227453449631785848e-02
1.226623505376878143e-02
1.224288596389323802e-02
1.217186519288667584e-02
1.204320663041350166e-02
1.190418553547316349e-02
1.178295646268950371e-02
1.170970695881534338e-02
1.166604267145348629e-02
1.162665944426901667e-02
1.158747542880948257e-02
1.153630864339246637e-02
1.148372843512293975e-02
1.144736076990727526e-02
1.143923293963513416e-02
1.144555702544948310e-02
1.143608709891529018e-02
1.139207679546815413e-02
1.133242543415609489e-02
1.125647416990630673e-02
1.113835776930655400e-02
1.101420287131524463e-02
1.091274725358207416e-02
1.084512507693382276e-02
1.077825187263213233e-02
1.068434663224438093e-02
1.059197432400293439e-02
1.050762636095457260e-02
1.044972602891323411e-02
1.044237847845007165e-02
1.048587067689680033e-02
1.055107238941609821e-02
1.062079749087837914e-02
1.066502956952533436e-02
1.068899442465717428e-02
1.068763013712513074e-02
1.067700340303683396e-02
1.068154915546958537e-02
1.068645391505285841e-02
1.062421314719423984e-02
1.049294566881073948e-02
1.034532301792163642e-02
1.023796002129133062e-02
1.018733094360453964e-02
1.018401477787561279e-02
1.016598269203096254e-02
1.011499708377349045e-02
1.003593834453411250e-02
9.949996362708034628e-03
9.897845104194148702e-03
9.951487071914412105e-03
1.001363659204183854e-02
1.001310941965807486e-02
9.975911718707885373e-03
9.925396309198570785e-03
9.882549637440118939e-03
9.823626139568972931e-03
9.724783604118308195e-03
9.608077329183180304e-03
9.496432026694666406e-03
9.400079020973143781e-03
9.347106113270265554e-03
9.348735701972487461e-03
9.376593162278777996e-03
9.417789278967917538e-03
9.481066856522226208e-03
9.518108445106133325e-03
9.511059042933086433e-03
9.508281535470437459e-03
9.566827385579797227e-03
9.651780910598328073e-03
9.729373837877270531e-03
9.842176992709089633e-03
1.000006558812961167e-02
1.015561422542523781e-02
1.026381060392297581e-02
1.034383308748386063e-02
1.042039987203232168e-02
1.049271569051197540e-02
1.059128496693022801e-02
1.081803650849110128e-02
1.109011670963571013e-02
1.128410587471946440e-02
1.140829298711175215e-02
1.154884863669262268e-02
1.172380164919945011e-02
1.191965271442354223e-02
1.214450377003553627e-02
1.237837553216606518e-02
1.256241970303404419e-02
1.267868500926100893e-02
1.276087406685561844e-02
1.283758386391003516e-02
1.291309724843695515e-02
1.298675980917196257e-02
1.304268159663980915e-02
1.306798275766446991e-02
1.305495162464288469e-02
1.299263398523214062e-02
1.289021651534724006e-02
1.281197088216499448e-02
1.286359539248811690e-02
1.306688113971105764e-02
1.329508673516101476e-02
1.347483307592400523e-02
1.361723867804216434e-02
1.371992731786010611e-02
1.377024892118360565e-02
1.381396431504559180e-02
1.384973832894803407e-02
1.386496395622187350e-02
1.387335860598252861e-02
1.388980469008799928e-02
1.392723322334899969e-02
1.397077417721262309e-02
1.398240532935400397e-02
1.393997862518919773e-02
1.388034554548521655e-02
1.382441333850927857e-02
1.380844733756568521e-02
1.383880573349564533e-02
1.383700312842442090e-02
1.376017031029589180e-02
1.365254361897984443e-02
1.356357858723861338e-02
1.352326997614083579e-02
1.348433054176434789e-02
1.343004954877285474e-02
1.337149079027021362e-02
1.327354877861467580e-02
1.318299513435399438e-02
1.313094331957375370e-02
1.308693185909956883e-02
1.302220182962621556e-02
1.298336223130439407e-02
1.295177062041090281e-02
1.290864938831890428e-02
1.286049400683826095e-02
1.286194467910616902e-02
1.286138248454915013e-02
1.277829755286339838e-02
1.263548994685824607e-02
1.248902249006271503e-02
1.237863865212190245e-02
1.231560039474192784e-02
1.227464945213709024e-02
1.220551577421863550e-02
1.212062681335111455e-02
1.204893688530322797e-02
1.197595889166976416e-02
1.193738993818674668e-02
1.191965034172661093e-02
1.187586809902660759e-02
1.180789946057335567e-02
1.175301088478597662e-02
1.171314086854588314e-02
1.168130626620849516e-02
1.168219828882653341e-02
1.170221553372819204e-02
1.174180353861844182e-02
1.180957251590328445e-02
1.189270325557168634e-02
1.195633876690638427e-02
1.196978024837862600e-02
1.193825270587387487e-02
1.187646280704474436e-02
1.180018610647486609e-02
1.173705224813965421e-02
1.170046397023584775e-02
1.164592426278770500e-02
1.157742332341614271e-02
1.151887507906060489e-02
1.146349753304025040e-02
1.142282393864746219e-02
1.140089274812175479e-02
1.138874271567781073e-02
1.138832042033705895e-02
1.139089650809396725e-02
1.136677385988832216e-02
1.130581395294800659e-02
1.125034419913608329e-02
1.120408642144914493e-02
1.114766530869284837e-02
1.107617488355838557e-02
1.100683354513208416e-02
1.092833213904721018e-02
1.081847353941896295e-02
1.069416393156443802e-02
1.058255051550529083e-02
1.050966642874444357e-02
1.050796981916232546e-02
1.050868377895635732e-02
1.049907311211096227e-02
1.050567726817370866e-02
1.050487861023090969e-02
1.049770044257129428e-02
1.048137537709201150e-02
1.044786634221039380e-02
1.041024118772154207e-02
1.037960663668389960e-02
1.037496553073263307e-02
1.039630601959409470e-02
1.042114825816379403e-02
1.042701641846100445e-02
1.039974196010710894e-02
1.034622475174158500e-02
1.028413457681682554e-02
1.026190436161180872e-02
1.030093955590950100e-02
1.035337351607099922e-02
1.036729243653274589e-02
1.032947265814381302e-02
1.026975399927170310e-02
1.021439491666598434e-02
1.018137766392518406e-02
1.018055991855409438e-02
1.023700245978477995e-02
1.035609374233088451e-02
1.051140012316476892e-02
1.068966062921949955e-02
1.088348080358933663e-02
1.112224988001193904e-02
1.145856306494300210e-02
1.190882675278937160e-02
1.245401359660614285e-02
1.304974272758719148e-02
1.366039103223992343e-02
1.427325957296726039e-02
1.487915117594235982e-02
1.547268062201344330e-02
1.605357456855513801e-02
1.661894234297082648e-02
1.716181551206277106e-02
1.766718391320272821e-02
1.811277485066207366e-02
1.849122304904067884e-02
1.881892076272003236e-02
1.910374316987843019e-02
1.934527483952420274e-02
1.954058719661178403e-02
1.969047846750516043e-02
1.978863430274513391e-02
1.982235419692811654e-02
1.978118790974486840e-02
1.966057237306822678e-02
1.945582465981672213e-02
1.916761611717654468e-02
1.880680777205391563e-02
1.839206843450474221e-02
1.793941467847534957e-02
1.745946214933970925e-02
1.696790384495861295e-02
1.648234642797024446e-02
1.601717159352621447e-02
1.558265135168884936e-02
1.518712643189086726e-02
1.484357554572228281e-02
1.456139237843268562e-02
1.433374179020607125e-02
1.414502790148489467e-02
1.397839922899410912e-02
1.381654068674616903e-02
1.365245603702081555e-02
1.348155702176725111e-02
1.330350403423300257e-02
1.312702916296324893e-02
1.295767253441484738e-02
1.279261823923815919e-02
1.262399878230464033e-02
1.244505058282705662e-02
1.224793762545981803e-02
1.202868482064642364e-02
1.178851045924349250e-02
1.152922174980782269e-02
1.125873486784653883e-02
1.099526795786079369e-02
1.074570225112254744e-02
1.051820866732515805e-02
1.032309262154290294e-02
1.017139951470384315e-02
1.006333367400579284e-02
9.980665006275249093e-03
9.909214278042035098e-03
9.839512530084314895e-03
9.764584545316805364e-03
9.683995064505792130e-03
9.599829917678270874e-03
9.516569652250053343e-03
9.437081909754653497e-03
9.355797598279652280e-03
9.265791941065569873e-03
9.158456305965562497e-03
9.027369373865527444e-03
8.880815507960019770e-03
8.738668190054603782e-03
8.621195442293352884e-03
8.537994610935130749e-03
8.480041327973487572e-03
8.427467806830828828e-03
8.350996547643594822e-03
8.235033498315395134e-03
8.092300559927502121e-03
7.949128444501536023e-03
7.834569093190388994e-03
7.757845541894754088e-03
7.705724916597655148e-03
7.648981561898571951e-03
7.577253751114538562e-03
7.509968999529615004e-03
7.467957358428792616e-03
7.458835853548441593e-03
7.478991787936412235e-03
7.518046082019498415e-03
7.564509168529439179e-03
7.614779685937600462e-03
7.653531141702436986e-03
7.666444227510747778e-03
7.651312797473054129e-03
7.615804696584365166e-03
7.562017675702234487e-03
7.497752896086281454e-03
7.439951905679335550e-03
7.407225802317934232e-03
7.398406075797884195e-03
7.386196238068724711e-03
7.355047707722496900e-03
7.288101417374280924e-03
7.207828716233600531e-03
7.164526868829643701e-03
7.167835425303938773e-03
7.199802969445503846e-03
7.226461120835305299e-03
7.225269927331523512e-03
7.201308103909081007e-03
7.174104307309771972e-03
7.147741012928650328e-03
7.113790801132266473e-03
7.090662172958388243e-03
7.135760173511035073e-03
7.234407863763438369e-03
7.293242041271562684e-03
7.276465990999452828e-03
7.203366299442247149e-03
7.118867201472580883e-03
7.061392418729585396e-03
7.042458832176305000e-03
7.067978103218235976e-03
7.118284569112697836e-03
7.167805529041517375e-03
7.199864358863260552e-03
7.213656939269161295e-03
7.232130559947758976e-03
7.269493189912571048e-03
7.320163993535321045e-03
7.375936296912488990e-03
7.423296176862792008e-03
7.434870815280128671e-03
7.406524364143683356e-03
7.365822091670142999e-03
7.318416545748007880e-03
7.265149205892301731e-03
7.222834032220733051e-03
7.214278617852652037e-03
7.244934017319818072e-03
7.286296242994482440e-03
7.304826440908076049e-03
7.285485436714753300e-03
7.245999837051094600e-03
7.225707065355422946e-03
7.241443547499850329e-03
7.282557609237264203e-03
7.335435936360414078e-03
7.379431084145214766e-03
7.400024997766846413e-03
7.413735578346810837e-03
7.444424876360236816e-03
7.489196002223591150e-03
7.532748991204747321e-03
7.542607174083240662e-03
7.510974971437140053e-03
7.466515386982226603e-03
7.441039904323529242e-03
7.444630625077749801e-03
7.474845043140710549e-03
7.512671681301841611e-03
7.539627164210852515e-03
7.541276915925020259e-03
7.513611500348456144e-03
7.472321211505934813e-03
7.423349663005552462e-03
7.382255347224863339e-03
7.381415214368875627e-03
7.415342980418894621e-03
7.442269238004899264e-03
7.432347012830213193e-03
7.367141529198591859e-03
7.244308237853547272e-03
7.102462285442749657e-03
6.986086921907880623e-03
6.899862775682497062e-03
6.824279530478767619e-03
6.741398273953602867e-03
6.664074758919417626e-03
6.629280452792396874e-03
6.647984517297853869e-03
6.693101888508614684e-03
6.739597250856585453e-03
6.775695892765779688e-03
6.772422920314229502e-03
6.726103475633640749e-03
6.666904990091281069e-03
6.613558120138946818e-03
6.572873992284855756e-03
6.540947042236977885e-03
6.511938085926788355e-03
6.496388257648205364e-03
6.493027791838357210e-03
6.497764276459800856e-03
6.524851268049774132e-03
6.572763686223017342e-03
6.601358444532315350e-03
6.581122882160612801e-03
6.519411926846968228e-03
6.438013464575604791e-03
6.368363703913214324e-03
6.319466459254065478e-03
6.274202987865208463e-03
6.213153490206083963e-03
6.126551506193958323e-03
6.037494162217819926e-03
5.987577699023331410e-03
5.956734178324402107e-03
5.923504379400925182e-03
5.899530934299218772e-03
5.875609629868882265e-03
5.843964378558669757e-03
5.797938125001377181e-03
5.748371921005440699e-03
5.690814396740710365e-03
5.615314252119776167e-03
5.545107900680276529e-03
5.511946684081558967e-03
5.518405335728245216e-03
5.559072960568748646e-03
5.595380598874857316e-03
5.578482141098023081e-03
5.499522988482661787e-03
5.417972933042666632e-03
5.371373479610546189e-03
5.341776253665474379e-03
5.343199520254987393e-03
5.386401902171700055e-03
5.451222986428390718e-03
5.511445239887971699e-03
5.561420732547173174e-03
5.594207574388101664e-03
5.578444951383864162e-03
5.522322905083669117e-03
5.453517596492157490e-03
5.399924611002514599e-03
5.375409490510264614e-03
5.364578894351777587e-03
5.363695416590721909e-03
5.365595606507901974e-03
5.363221153102112199e-03
5.371610511442824476e-03
5.406099886129287282e-03
5.442023564372688166e-03
5.458193465202615217e-03
5.467211291285648846e-03
5.477491677887838875e-03
5.482208559545028066e-03
5.466572142497677991e-03
5.462051403492974161e-03
5.495082201700717851e-03
5.557022492920721604e-03
5.628536247001402794e-03
5.676752437231476905e-03
5.706392136360824777e-03
5.736989596860594433e-03
5.779232480114418306e-03
5.823635677302486414e-03
5.845900654262719751e-03
5.836680222540377959e-03
5.812145169994637622e-03
5.793234694637825095e-03
5.761863400473058242e-03
5.707063600651499959e-03
5.648670564332913466e-03
5.607569594306287090e-03
5.570849558528215111e-03
5.518720899154822175e-03
5.464526628622679884e-03
5.413891788827888962e-03
5.369803667494984882e-03
5.356167578271308662e-03
5.390274949661717774e-03
5.443807242234189464e-03
5.485852429421247088e-03
5.506448684314822414e-03
5.510807342492698643e-03
5.526245657948687662e-03
5.551986482264651031e-03
5.588207254608493560e-03
5.640133300004095650e-03
5.683411182799768570e-03
5.711791189012330010e-03
5.729481414160778399e-03
5.743186769960917891e-03
5.742903519637596564e-03
5.724412559750289425e-03
5.700443507897577644e-03
5.664925573345249224e-03
5.608112967984232866e-03
5.551662366685093490e-03
5.526038176094225617e-03
5.511584570338626948e-03
5.490808554491784753e-03
5.453301313575186458e-03
5.431240672809873292e-03
5.439775575841234931e-03
5.451648582506748476e-03
5.469031603457492376e-03
5.486813331431802249e-03
5.485174841951321809e-03
5.460977734741832151e-03
5.431327233198664922e-03
5.415334535292603592e-03
5.413805040146377374e-03
5.388132011814126404e-03
5.349444808215243069e-03
5.343667516550808932e-03
5.360572661464405898e-03
5.376805650652562336e-03
5.379974754379945705e-03
5.355707321305368078e-03
5.323942540285382316e-03
5.310147797407558691e-03
5.296513582890281270e-03
5.278119672171081335e-03
5.267915015477893891e-03
5.253125644773043099e-03
5.208603589407278210e-03
5.158457306151854709e-03
5.131351138154410796e-03
5.125496800041107366e-03
5.121194453797247095e-03
5.095300178490609969e-03
5.056739363593789824e-03
5.044457380201297116e-03
5.084005762393318563e-03
5.158637175120284364e-03
5.238961292406139544e-03
5.309011765057769505e-03
5.357860284634024563e-03
5.374060703717478335e-03
5.341027315082422754e-03
5.271763187660472721e-03
5.200770326039615837e-03
5.153660844875949595e-03
5.157012466621093208e-03
5.231486053229410065e-03
5.344515119361754191e-03
5.440154880596408289e-03
5.490604487520812406e-03
5.504340853701873877e-03
5.504653157180416229e-03
5.475976371140679408e-03
5.384347730262329171e-03
5.237120179646279246e-03
5.099280590076800228e-03
5.001565076438713349e-03
4.909431568970978529e-03
4.839079791211065018e-03
4.837703500766057582e-03
4.881750050944870523e-03
4.920674521861740335e-03
4.938082974641711843e-03
4.947649681677306760e-03
4.960895463432676671e-03
4.998505196522918040e-03
5.067942704239086944e-03
5.145889928451494351e-03
5.185854116799578847e-03
5.159457951140755672e-03
5.077542957825605281e-03
4.973831674058452890e-03
4.885874361064265411e-03
4.832875663492033382e-03
4.798204745476897584e-03
4.774040459030967978e-03
4.759824103954751230e-03
4.742038084662587340e-03
4.666919208579369330e-03
4.560448438003627224e-03
4.494823435522760438e-03
4.496632077147982853e-03
4.554491386188260112e-03
4.637667120101739149e-03
4.714105135988150112e-03
4.746358003276214370e-03
4.746837676417084949e-03
4.742159019087253610e-03
4.756468975039064052e-03
4.765391202944112801e-03
4.748631240537011869e-03
4.683830566888096299e-03
4.584515674910106912e-03
4.499314359242777804e-03
4.459888289470428924e-03
4.456052269952043635e-03
4.469701847980966231e-03
4.478955233723924505e-03
4.463334388156588693e-03
4.439210656588076301e-03
4.431286160559852298e-03
4.431493984833407423e-03
4.426724306244831514e-03
4.411329389182696778e-03
4.380293806330811529e-03
4.364727076816597023e-03
4.374558447260032575e-03
4.372331235391974276e-03
4.347031556414772228e-03
4.326934207061606738e-03
4.338374764585573549e-03
4.376632391266952089e-03
4.419167069682088111e-03
4.446524388653295620e-03
4.450939617386240332e-03
4.430317326846179918e-03
4.375891188832210961e-03
4.280169391659373671e-03
4.184510484675252849e-03
4.111106240560507066e-03
4.057096341960615693e-03
4.025384565654746040e-03
4.018985504067933319e-03
4.025973800257224601e-03
4.066989443086315055e-03
4.168344053801030513e-03
4.257532601161806603e-03
4.266614155556807189e-03
4.205681838087751284e-03
4.098980710652593527e-03
3.980407399852971956e-03
3.871225028927108812e-03
3.794305034956867682e-03
3.778983148763096107e-03
3.821754316062227728e-03
3.893452154979843132e-03
3.974725968395090812e-03
4.053332896153923406e-03
4.109903004115148147e-03
4.143049502211745491e-03
4.179347402410937828e-03
4.236455139565087000e-03
4.320701512951117922e-03
4.427151224851540862e-03
4.577153074856484330e-03
4.776277170337146077e-03
4.977791317852896420e-03
5.121437283202031655e-03
5.165176306362352643e-03
5.106886561593294155e-03
4.975276889067397658e-03
4.803127870678032194e-03
4.617980583677870621e-03
4.456235874670136897e-03
4.350123898985580433e-03
4.279828544663040642e-03
4.199752017419168711e-03
4.087975304230060183e-03
3.947222779819624904e-03
3.799867662296015948e-03
3.664237324005033183e-03
3.577902621052716624e-03
3.600271270735538095e-03
3.723901280864639219e-03
3.911652593988488441e-03
4.115362076257155118e-03
